5.501723360857453393e-01,6.605025810716705914e-01,-8.527768933212721558e-01,2.111921962258236085e-01,5.905499257997973706e-01,-7.782274524513144165e-01,8.374053546997100028e-01,3.263253585056380968e-01,7.486815886136668485e-01,1.372078124930106613e+00,-1.068133072470755646e-01,-1.010033563126661926e+00,-4.408310925483484022e-01,5.734666171877392804e-01,7.843476068062633644e-01,6.681922543450342644e-01,4.327224479269690949e-02,6.012027882337267481e-01,2.395931729999928539e+00,6.558250623540348156e-01,-1.283034531024876745e+00,1.137139731149844124e+00,-4.046776347068051227e-01,5.456812423977002169e-01,-2.022372981231035372e-01,-2.797285459602120161e-01,1.379978346835949887e+00,-8.508300548993806556e-02,-1.118054795871421092e+00,9.387637472836506125e-02,5.668161897890117151e-01,-7.829426965718913056e-01,5.281179093394174906e-01,6.230012692625789272e-01,1.027266298293626257e+00,1.334582186994967667e+00,2.305890647140524941e-01,-5.332167951343667056e-01,1.689842856654847125e+00,8.174533474605838457e-01,1.965087705452534861e+00,4.578359483281471132e-01,1.216195963673905478e+00,-7.956855577069554819e-02,2.365167368161157913e-01,-6.608265145255431960e-01,4.530501961406323552e-01,-1.663539774798739268e+00,7.129394294268948107e-01,1.399838509225078020e+00,2.009611022539730119e-01,-6.254445991257311377e-01,3.780996741574654818e-01,4.124666867818609362e-01,-6.922565458808732641e-01,2.085376625133000150e+00,8.506748267169432776e-01,1.302204250534509500e+00,-7.207896973526914941e-01,-1.457485088350457092e+00,1.468556046930121317e+00,5.717110152043091142e-01,4.053987912905804847e-01,6.631086482573441687e-01,-3.867341533883447147e-01,1.626827738582426186e-01,5.757298886528871007e-01,-8.597740262203404926e-01,1.000247807461384329e-02,9.994279846810507628e-01,5.459269845875626137e-01,2.651480718013885518e-01,1.990074874632444257e-01,2.098031606570383567e-01,-3.897508625829749773e-01,-1.030358097549878948e+00,-3.066559160396658545e-01,9.990978305396798487e-02,-8.464437306470397049e-01,-6.519191887869095758e-01,1.596866790696387151e+00,-8.447724235960787365e-01,2.049245992796429938e+00,2.971599255449226096e+00,1.191326518525695377e+00,1.391638638035016085e+00,5.871810736915179518e-01,-2.671850123076056627e-01,3.573919792854786219e-03,-1.921748877924707166e-01,7.474461537242291786e-01,-2.092437771299013871e-01,1.092573391715956577e+00,-4.747367537852639208e-01,-3.088982004255447777e-01,2.990399519945341478e-01,3.089914961628208862e-02,-1.513832069967369076e-01,-2.410737556524922276e-01,1.360358104020851444e+00,-1.096372111544431649e-01,-1.249251170970351987e+00,1.760875589916233386e+00,-8.830420491248677228e-01,5.731666072704432180e-01,-7.844569037814165258e-01,1.631618077833840053e+00,3.515956805878516778e-01,1.019041173953025403e+00,-2.661536955405843230e+00,6.225398969032244212e-01,2.033572018833054162e+00,-1.531577100038225281e-01,5.991568555916194638e-01,-1.739038448571795792e-01,-1.105401306915384740e+00,4.480859421757301536e-02,1.353755962939494184e+00,1.271417137510568285e+00,7.386678350199040732e-01,8.339178517518183176e-01,8.739828615586793248e-01,1.219786233969051975e-01,-8.935727458568276660e-01,1.192421271069975752e+00,-3.035918904187291933e-01,3.717159871475497757e-01,-2.459332842251367168e-01,-4.985491360579149406e-02,-2.308875125465877920e-01,-3.836786641792178654e-01,-3.282196574588540638e-01,-5.485116996573371484e-01,-2.362238464391916426e-02,4.468988834045845016e-01,-4.364396397256735116e-01,1.254812901518688406e+00,3.750845059781132140e-01,-1.897165184280798222e-01,2.142905555903800607e+00,3.585303974615544620e-01,2.697670716265357371e-02,1.788369268759738340e+00,5.503843862490438443e-01,-7.801134857480395146e-01,5.084531412278848750e-01,6.124484932045598518e-01,-3.711262074748399864e-01,-5.368343671256399219e-01,7.189975005701095823e-01,1.295645860815000106e+00,9.239178602091437098e-02,5.732000812163051684e-02,2.122554858017039192e-01,-4.749578820615399377e-01,-1.235410674714604973e+00,1.529809874240732614e-01,-5.246770241941084434e-01,-5.371471639315461566e-01,1.937434862577659955e-01,-4.823816467816552378e-01,6.327356326707942458e-01,-2.281851991898243170e+00,-7.161927039128583861e-01,1.023766151660602475e+00,1.060527878010746189e-01,1.354312539241276037e+00,-3.315881560786743815e-02,-7.553810994507053067e-01,8.175841191943428177e-01,1.573178988011316282e+00,4.822053918663751770e-01,-5.297694533374989190e-01,9.221429106738253667e-01,5.277279735604022415e-01,1.698288143497363178e-01,-5.271938858984241971e-01,1.158071849648320883e+00,3.384557538080746331e-01,-1.190546480530544127e+00,-8.580606662909145976e-02,-3.921905065435026816e-01,-2.697464151564061274e-01,7.215398746037515743e-02,-1.209565689845482517e+00,-2.995696819323785398e-01,-7.653643464354314974e-01,7.621924661263276835e-02,7.639081944005188252e-01,-9.388884547808186154e-01,1.907193231763096408e+00,9.625330016175912551e-01,1.053929321648034989e+00,-1.437770967003649369e+00,3.374479263821465569e+00,1.556579273603357683e+00,4.867233209230761304e-01
5.262801810374149181e-01,6.714041768258903753e-01,-8.326456632575106598e-01,2.087587836594781421e-01,-6.944861547483549558e-01,-8.030386956060225900e-01,8.669958710138658819e-01,4.507290585185048104e-01,6.647932128490351422e-01,1.363368307433796334e+00,-8.841830226553944183e-02,-1.057203648637895288e+00,-4.643633543493554394e-01,5.567321237877997930e-01,8.054121188711322876e-01,6.319485073887853854e-01,2.077927404664102126e-02,5.263144648924221736e-01,2.399126187388934905e+00,6.367409706878910391e-01,-1.218066176950466817e+00,1.128660808136914939e+00,-3.822237209013648607e-01,5.713284265643608917e-01,-2.002193418933947422e-01,-3.354824742396385062e-01,1.408080557246049969e+00,5.672738919707444837e-03,-1.100745348275321778e+00,1.051834677863466849e-01,5.626474917141309762e-01,-8.049239460572281679e-01,5.077821401411551916e-01,6.196962870849993532e-01,1.025587657449986700e+00,1.367939166613719282e+00,2.285722157189779002e-01,-5.278065661761484062e-01,1.690823089648471278e+00,8.237842545994447097e-01,1.980784541370317120e+00,4.826063019785183927e-01,1.209673568133718735e+00,-4.336330945084012484e-02,2.879090206999692092e-01,-7.593949432727109539e-01,4.184796583239134282e-01,-1.677888282475819670e+00,7.436552237121001330e-01,1.435828358790497639e+00,2.056468521721960541e-01,-5.771550934973224134e-01,3.042043619598598925e-01,4.448104761769738347e-01,-7.672886015538704640e-01,2.095189277840543429e+00,8.820821303174858352e-01,1.309343245670430367e+00,-7.107101823002660579e-01,-1.506682828516822559e+00,1.434767849273338003e+00,5.809876966134485121e-01,3.941304521518210757e-01,6.860868923494938265e-01,-3.787259481149914397e-01,1.586880489680446427e-01,5.637331134799467014e-01,-8.641839054330299197e-01,-2.524146178301604759e-02,1.014274159050315927e+00,5.593791675064062607e-01,2.596493214156491147e-01,2.023335480167713085e-01,1.882642207488006980e-01,-3.892007905697222880e-01,-1.024931426863564310e+00,-3.719120634034990269e-01,1.213664039172314552e-01,-8.365807832807999889e-01,-6.459267860673048034e-01,1.607256450496400424e+00,-8.509603549379731735e-01,2.686084765340738478e+00,2.998788078518669575e+00,1.118752471399981463e+00,1.457283338225508151e+00,5.998975012756939673e-01,-2.588300291824673915e-01,-3.235901556057988598e-02,-2.002238233564979653e-01,7.081240361405621853e-01,-2.211796072643813782e-01,1.079485433524683069e+00,-4.677841402785223313e-01,-2.644030480893058144e-01,2.709048101321303026e-01,3.297842950937777962e-02,1.182843388996618339e+00,-2.015768892302748916e-01,1.362908242279422977e+00,-1.035425420489009124e-01,-1.117521027517569543e+00,1.737664033304062272e+00,-9.187901362009337491e-01,5.850945770304810667e-01,-8.068191838992621046e-01,1.631998924786556504e+00,3.595790758659482278e-01,9.855949193151232191e-01,-2.652728654286000687e+00,6.423718611432680525e-01,2.005096954249307561e+00,-1.000185145529857017e-01,5.572701284386881726e-01,-1.739934557815425997e-01,-1.107117965489524902e+00,1.486944093693362834e-01,1.367800660192119322e+00,1.250541894227698236e+00,7.346230234961694805e-01,8.412660284001792776e-01,8.370333316078720776e-01,1.203177009182081481e-01,-8.766925766281327137e-01,1.183317761640025001e+00,-2.954015673245333207e-01,3.944308309351967079e-01,-1.673304828998540272e-01,-4.784838258553833490e-02,-1.957983851342584569e-01,-3.510692400409088920e-01,-3.029711912911484673e-01,-5.593182224188641971e-01,1.362100932831142655e-02,3.853194624870258655e-01,-4.463049300261660579e-01,1.263194524133227414e+00,3.900268453661951962e-01,-2.060800606891085018e-01,2.090209709649194725e+00,3.417983963100773015e-01,-2.949301735937117155e-02,1.682551296320038192e+00,6.039303276754198757e-01,-8.192365711746979473e-01,5.159077369195184115e-01,6.330231987509649105e-01,-3.392618278883159366e-01,-5.306354303676400486e-01,6.896502682675242912e-01,1.279742643998080354e+00,1.121609326984445432e-01,8.817825172505618092e-02,2.309272281355316814e-01,-4.557581925891882602e-01,-1.221416081892427563e+00,9.519942281245589999e-02,-5.076612970772399480e-01,-5.623502665289473734e-01,1.912411403391083009e-01,-4.973713794520048248e-01,6.330157821720066025e-01,-2.224977613829894452e+00,-7.109104303334620178e-01,1.024068489139996263e+00,9.937644976814406783e-02,1.366703861735617753e+00,-3.574998413525288382e-02,-7.584315322818026006e-01,8.256136044451078959e-01,1.571498641069515534e+00,4.932278159201747836e-01,-5.303218198928147942e-01,9.521043631391301609e-01,5.284491480607405034e-01,1.783211470347086935e-01,-4.538019599327527964e-01,1.151787878972534429e+00,3.342806407573011285e-01,-1.137913484510604700e+00,-6.529292623216066682e-02,-3.847276544969987500e-01,-3.065530962845718355e-01,8.582978715567075867e-02,-1.206537249047028748e+00,-3.008524470634516557e-01,-7.820053003563662841e-01,2.173728487812441601e-02,7.403485202285404743e-01,-9.500236514221753747e-01,1.925788794597205866e+00,9.811873982217543810e-01,1.055530947070475234e+00,-1.430085760900715597e+00,3.336988856069090570e+00,1.531590673053962570e+00,4.867261534155802316e-01
5.834135095190824405e-01,6.959826539453285443e-01,-8.143665330241367517e-01,2.091286027961161142e-01,-6.856687697379543200e-01,-8.057812491426632473e-01,8.547853089052668274e-01,3.642213396876667897e-01,7.592845356364399390e-01,1.385559249221971712e+00,-1.086792557919484814e-01,-9.616435332385335766e-01,-4.206149750713136237e-01,6.228943308755481301e-01,8.524406532814641224e-01,6.660284583565602157e-01,6.047935255623647366e-02,5.971953166664825119e-01,2.327424998062420425e+00,6.274137572975683197e-01,-1.279245043211806099e+00,1.118606725909605526e+00,-3.691215201326492057e-01,5.291052657568258155e-01,-1.990743917169744415e-01,-2.766770803356515818e-01,1.395365442517543464e+00,-1.193117729157413126e-01,-1.097198606887600958e+00,8.546725071156835440e-02,5.770902289961463705e-01,-7.919106228960016702e-01,5.393219669741651234e-01,6.474760492738853568e-01,9.836872106084048051e-01,1.322847498859817117e+00,2.058229789096340245e-01,-5.217654757151818368e-01,1.715035432026021711e+00,7.966641659146077581e-01,1.957563585084183044e+00,4.420686080282310582e-01,1.232766731748815348e+00,-5.550667100787520791e-02,2.267845683172557136e-01,-7.627724037772283250e-01,4.476475389007754657e-01,-1.625790750626572079e+00,6.431713750472325408e-01,1.412294712123484342e+00,2.074086144312751179e-01,-6.194671101615024655e-01,3.907200261547285058e-01,4.576935642590073128e-01,-7.608677968194494934e-01,2.080979404005477651e+00,8.459832550142905028e-01,1.312450361494941653e+00,-7.242815268985324240e-01,-1.445908665413494498e+00,1.443386570648983014e+00,5.794193296931223758e-01,3.685283288101216526e-01,6.708138059909414253e-01,-3.754479886418313761e-01,1.610845191838089219e-01,4.561438904407495443e-01,-8.311788382797201669e-01,3.963595738396354790e-02,9.806019681949029732e-01,5.136562032440287195e-01,2.632112104949059783e-01,2.033180482776469344e-01,1.840480812761695895e-01,-4.234850838511030613e-01,-1.006889990798524925e+00,-3.083466410466638719e-01,4.153392864912205940e-02,-8.521083235071313933e-01,-6.587542889512939537e-01,1.618615257228679383e+00,-8.769216920786012670e-01,2.076868503652443465e+00,2.993698986730160883e+00,1.096897911916845603e+00,1.437737248096238041e+00,5.856247642371672502e-01,-2.663309299920274542e-01,5.328907082508597959e-03,-2.064196201401504449e-01,7.589340060653084752e-01,-2.408772572784452504e-01,1.055325849543102379e+00,-4.641013890256952545e-01,-2.828831615462480409e-01,2.013190219991670693e-01,3.888229836142799434e-02,1.192900503849700256e+00,-2.128409773341052025e-01,1.361028786579697725e+00,-8.670022303150744236e-02,-1.110402351203749971e+00,1.755899012913340940e+00,-9.071528343226683555e-01,5.556616410476666879e-01,-7.880687188965782575e-01,1.635452745650349593e+00,3.300755409612747826e-01,1.003938330348862484e+00,-2.610205255228024157e+00,6.320442627379961875e-01,2.034975542616853428e+00,-1.576782235275683564e-01,6.172330613537712063e-01,-1.291314356948784492e-01,-1.092343260989987019e+00,1.083740807476274437e-01,1.369622842892358916e+00,1.277124687241119938e+00,7.776966572998209593e-01,7.870327134543391168e-01,8.820854038125831575e-01,8.685726220626878435e-02,-7.669255211540196848e-01,1.188919158900068940e+00,-3.095026665053505766e-01,3.172642030923767398e-01,-2.161668722835742573e-01,-3.992255595603438206e-02,-1.892195345501209436e-01,-3.478248809460461888e-01,-3.486693379654618452e-01,-6.212262547924292111e-01,7.829218315325513211e-02,4.523730484434798638e-01,-4.362976072260938420e-01,1.219724335321114239e+00,3.778945589909324387e-01,-2.332947594794245183e-01,2.128460310261413024e+00,3.375393814506749135e-01,2.983108565258608610e-02,1.685235284711868786e+00,5.351315654758789231e-01,-8.095972381886543667e-01,5.870227135348207170e-01,6.823772805141339326e-01,-3.283315451614465252e-01,-5.367120335399017117e-01,6.785605794445231931e-01,1.285156576275075846e+00,9.497288542811961609e-02,4.480207760619259183e-02,1.909198688913806563e-01,-4.420402662258689497e-01,-1.221114324325063505e+00,1.412182153129403761e-01,-5.003114223381820436e-01,-5.277201317160423732e-01,1.631798277339545911e-01,-4.860044563256991634e-01,6.130640687496932140e-01,-2.208674722220200337e+00,-7.385387806606784622e-01,1.029689109116507906e+00,1.358272535388962976e-01,1.347927979379408558e+00,-1.938672719993210156e-02,-8.114457694484321637e-01,8.804122558294524836e-01,1.572389460346829360e+00,4.804260360780484018e-01,-5.248534739171013541e-01,9.894166928086921553e-01,5.990242464399025968e-01,1.591594322503513959e-01,-5.260307644775583658e-01,1.153591605866759684e+00,3.374104088523889877e-01,-1.148581521035084263e+00,-1.043753691437706160e-01,-3.780418159294584024e-01,-3.178723560562074502e-01,7.100991241383081132e-02,-1.227531003497129847e+00,-2.886863243618128516e-01,-7.906861821712796168e-01,9.805343314427847692e-03,6.969517478573203917e-01,-9.101392912447721084e-01,1.937023632794536487e+00,9.897848935125288516e-01,1.064977073030559440e+00,-1.452595442606717135e+00,3.306212754092693995e+00,1.535384662419833512e+00,7.835131201583684923e-01
5.758901572794341561e-01,6.596034443603410180e-01,-8.521938593307899490e-01,2.210856275676082450e-01,-7.591676498839087239e-01,-7.951924296347031573e-01,8.601137791623559847e-01,3.162812932684368472e-01,7.564065918564872870e-01,1.387112524581306738e+00,-1.060729058391664814e-01,-1.015312707361514688e+00,-4.069151698475332868e-01,5.519237357140036604e-01,7.899576737436710960e-01,6.321654714855683421e-01,5.619222188136877016e-02,5.934617229202984179e-01,2.411977410346480166e+00,6.437582219202665490e-01,-1.268453321483685059e+00,1.137844546665415679e+00,-4.018603550238841748e-01,5.436431633820302256e-01,-1.833795313200055899e-01,-2.738142407281929369e-01,1.386664406795578230e+00,-8.078092538664707889e-02,-1.084687144166609496e+00,8.793145326264202588e-02,5.621089745394899362e-01,-7.777319988512622073e-01,4.780227976452481875e-01,6.146830269643359657e-01,9.667146866713952624e-01,1.364332004464691162e+00,2.223193231001613646e-01,-5.716000367397693349e-01,1.643606694903176235e+00,7.713968358990391794e-01,1.984663046330346070e+00,4.855197257508043762e-01,1.210611562128512952e+00,-6.490897935852914941e-03,2.392114501722951703e-01,-6.563418288673742440e-01,4.305065334910965213e-01,-1.656832624868444848e+00,6.189529150479812225e-01,1.408654731641482583e+00,2.086801759730257111e-01,-5.973341446506045260e-01,3.761961144904870658e-01,4.341913043630638569e-01,-7.415494851830067846e-01,2.087270302006248635e+00,8.369863832911219603e-01,1.321018357919368169e+00,-6.763778689386757970e-01,-1.431674491658429194e+00,1.434363454490447554e+00,5.520973299849094573e-01,4.052592540353346373e-01,6.619208345280435113e-01,-3.720301400595803498e-01,1.941843911063251549e-01,4.524256178443245568e-01,-8.478856136279394606e-01,-4.948769783529197858e-02,9.951927766183062962e-01,5.097232175691727152e-01,2.296685982442523699e-01,2.047757127917572140e-01,1.894984120172311104e-01,-3.964633814404829315e-01,-1.020172618863857128e+00,-3.065019984856568458e-01,9.614934228444836639e-02,-8.727424494283730905e-01,-6.482511072983841993e-01,1.634032338537509066e+00,-8.604841029181282686e-01,2.072090487126493130e+00,2.989036545584728533e+00,1.112908523160930585e+00,1.442185853350673286e+00,6.042860671171598197e-01,-2.659471911906041708e-01,-3.209890424908692225e-02,-1.997033290673714268e-01,7.085929055769192297e-01,-2.357865559567405289e-01,1.073145045309143120e+00,-4.687488957254890565e-01,-3.176693058524006630e-01,2.941627039981716818e-01,2.882524351931263495e-02,-1.612315764543722496e-01,-2.195087456646610813e-01,1.353465041340536912e+00,-1.116143435222761299e-01,-1.107662599361153521e+00,1.761644214359975535e+00,-8.799959533584246207e-01,5.783159240795087142e-01,-7.927575740371666235e-01,1.632691763576265220e+00,3.481394839770992622e-01,9.889291592059169522e-01,-2.652140381399492597e+00,6.173076574675133710e-01,2.045325792976427692e+00,-9.140849665760979181e-02,5.742165072546315807e-01,-1.653477025987659943e-01,-1.080339054775307339e+00,4.334555894776691981e-02,1.380404810805714533e+00,1.261650269743505026e+00,8.238273973896499403e-01,7.962901913840582102e-01,8.742642176198028858e-01,9.634924485280994821e-02,-7.780006549915827740e-01,1.175464391955312493e+00,-3.034163530076276483e-01,3.607260347749964291e-01,-1.715105726525835150e-01,-3.600002166270217796e-02,-1.988742465936238213e-01,-3.318303796543447537e-01,-3.508516024700609748e-01,-5.621404231632389781e-01,3.960819940272038847e-02,3.538137585993098577e-01,-4.326993037477448456e-01,1.213526687552985983e+00,3.988301250024997024e-01,-1.962961189892752090e-01,2.123104473415240001e+00,3.560862197264894613e-01,5.380529244347212817e-04,1.681745926101009037e+00,5.375473063451876587e-01,-8.715255332486141482e-01,5.050620072342211220e-01,6.683618671291158275e-01,-3.220562953661613159e-01,-5.306694639889097953e-01,6.637311450699382442e-01,1.316312222971331325e+00,1.042215105552892068e-01,8.329297921410659666e-02,2.172379177262441785e-01,-4.579054313269287912e-01,-1.265476722497802742e+00,1.488555095553504848e-01,-4.967035091381219458e-01,-4.951548607862359952e-01,2.049406742414698890e-01,-4.477941415264334868e-01,6.324821356088362601e-01,-2.292306382068005632e+00,-7.197670623976357707e-01,1.036584836620002115e+00,1.052364453685166734e-01,1.358770398267930446e+00,-3.975700529104119613e-02,-7.528631075158183084e-01,8.257822140350907780e-01,1.552395829634667379e+00,4.959049887440152848e-01,-5.352810995175347752e-01,9.627361996657600729e-01,6.321110798004699882e-01,1.729371513177879460e-01,-5.351039204394665294e-01,1.160298328938843326e+00,3.243370339983957518e-01,-1.183951803406051440e+00,-1.079782570974821276e-01,-3.694747327854234209e-01,-2.733294939863311623e-01,8.290682215207610672e-02,-1.196261592507083638e+00,-3.042354976766049046e-01,-7.684582972466875717e-01,3.692559508953662667e-02,6.975161263705095260e-01,-8.866762475940719312e-01,1.928652019861374134e+00,9.733473033068398284e-01,1.060250932044535466e+00,-1.414174389482490302e+00,3.375299009897299474e+00,1.541608477369253549e+00,7.840792202348894069e-01
5.506022798059847512e-01,6.637567917521327576e-01,-8.282185166595342762e-01,2.030781293745416438e-01,-6.888960011891959168e-01,-8.170795243907827965e-01,8.610678169831900153e-01,3.331870241342669847e-01,6.727651720594648443e-01,1.375860433503557356e+00,-1.183309543996044627e-01,-9.578069844559548018e-01,-4.762327986908613808e-01,5.705775340647400995e-01,8.566616005460394589e-01,6.496320557017153385e-01,5.323028618649124077e-02,5.345410932164259554e-01,2.364574516846809971e+00,6.305329378655666339e-01,-1.233251995710692661e+00,1.149607467603358524e+00,-4.430636804063821654e-01,5.389049007764732391e-01,-1.994434402238510484e-01,-3.426834510006281365e-01,1.418321295196128151e+00,2.292176231114438287e-03,-1.136312814357373302e+00,7.849827243695031709e-02,5.506590868894671864e-01,-7.609055892709609692e-01,5.162903518735438846e-01,6.210318429901762194e-01,1.035055628442019593e+00,1.335035876830906076e+00,2.096431827529250114e-01,-5.248108793345234169e-01,1.633882830603450742e+00,8.222169270246886263e-01,1.947926918970524834e+00,4.526112365920462732e-01,1.183613891933896545e+00,-4.704413242659911953e-02,2.825813674991547453e-01,-7.478546046074480147e-01,4.744570008484538803e-01,-1.670467451197988451e+00,6.206376472409812495e-01,1.392388180957307764e+00,2.020192741028314642e-01,-6.149951478789649206e-01,3.003291086321794312e-01,4.193174371701421932e-01,-6.808880314363991992e-01,2.097986551091420182e+00,8.072390619333621453e-01,1.309356266868267893e+00,-6.957434219195316460e-01,-1.499693856366343114e+00,1.429433835446664247e+00,5.586173931208622268e-01,3.970159364735624807e-01,6.511489886263559512e-01,-3.828136765132876818e-01,1.709419065015674588e-01,5.705359376129695015e-01,-8.660362926132779693e-01,9.753447997632867100e-03,1.026703955268585045e+00,5.514735543204195567e-01,2.222589760582066865e-01,1.985936525180121148e-01,2.181003889266337759e-01,-4.120410341953133493e-01,-9.613864361131277958e-01,-3.328044019941117648e-01,5.067714255610734908e-02,-9.025310720056977098e-01,-6.305140550853767234e-01,1.596190272410789257e+00,-8.645451183310537413e-01,2.684100454965273386e+00,3.011683366157682062e+00,1.189942585854683932e+00,1.431828028382633233e+00,5.848817129084231681e-01,-2.898309084969489247e-01,-2.865752044916902025e-02,-2.115074805957991300e-01,7.122271755558831074e-01,-2.483616489106507119e-01,1.088580414474723090e+00,-4.760369520772641527e-01,-3.079096906738472139e-01,2.655007919424227092e-01,2.746935890680877665e-02,1.188121765655647089e+00,-2.011632841441617914e-01,1.391684172837805766e+00,-1.175345729444437215e-01,-1.123571054800810431e+00,1.747496486435604846e+00,-9.260921761942435548e-01,5.554039341382703832e-01,-8.156198303387268700e-01,1.637425825842464988e+00,3.619394900334978460e-01,9.872137077558431617e-01,-2.611971082825975010e+00,6.285725952006512296e-01,2.041399107846658900e+00,-9.654231678653975302e-02,6.193453459855060572e-01,-1.807685415202555934e-01,-1.097955503755067452e+00,1.158762699674058122e-01,1.323426417053612081e+00,1.251927237417996164e+00,7.770081910186841245e-01,8.554056833634543500e-01,8.982581948825867357e-01,1.226927849871858184e-01,-7.811214933503172198e-01,1.178359343912041002e+00,-2.945000311187039310e-01,3.042167308986059582e-01,-2.067836590186444556e-01,-3.368775679638140452e-02,-1.934604456697703312e-01,-3.343344001701736290e-01,-3.120049679405542120e-01,-5.576619767950511397e-01,2.722926986174178943e-02,3.775008740298531063e-01,-4.626981929707501551e-01,1.267162252606434336e+00,3.461756539857074877e-01,-1.976171344158729470e-01,2.091861743048125444e+00,3.173234563137763420e-01,-2.652952613348408609e-02,1.679765385470929129e+00,5.871501592720961282e-01,-8.084037945960944604e-01,5.096216251411384013e-01,6.325805571335139099e-01,-3.476685329113431422e-01,-5.292083550228757760e-01,7.029310229910806784e-01,1.275414549142467102e+00,1.131942969837834295e-01,7.434899962865099132e-02,2.129097632567083509e-01,-4.616999181135425512e-01,-1.227545515533662535e+00,1.035077213576254401e-01,-4.667539033273960247e-01,-4.934318407324031486e-01,1.884790874493715573e-01,-4.419657414547190633e-01,6.373333542818596653e-01,-2.219681423830054623e+00,-6.910939193525418300e-01,1.023348358789194057e+00,1.155762664120607575e-01,1.371133331881674300e+00,-2.392926357328559878e-02,-7.488464584866852958e-01,8.392433149287782390e-01,1.588306082084651516e+00,5.134931290621428390e-01,-5.283727917582436984e-01,9.607387633563011509e-01,5.259110417744258248e-01,1.559228309432471593e-01,-4.913441815522471279e-01,1.139938477587945087e+00,3.614457620140044680e-01,-1.110735543214735221e+00,-8.695229520292802050e-02,-3.339752584564302240e-01,-3.246040640574587299e-01,1.238934876331356655e-01,-1.158678457076838031e+00,-3.189406447031307712e-01,-7.721625253317935256e-01,8.162479945148781724e-02,7.481479178125728380e-01,-9.457684524263956227e-01,1.927011942820790136e+00,9.861459056216758112e-01,1.050936222849677470e+00,-1.395962822001700410e+00,3.361533473820212059e+00,1.540432950461057882e+00,7.841339506422944083e-01
5.742585932454362663e-01,6.838949918429075847e-01,-8.584235135177307185e-01,2.341468590106389192e-01,-7.533339210041819500e-01,-7.945706210754484022e-01,8.271550771664369917e-01,4.567550053528723897e-01,7.265697949787086607e-01,1.312934344796789610e+00,-1.108423348902232847e-01,-1.028424550633731949e+00,-4.708634486137152075e-01,5.861559699972309634e-01,7.972657423290698819e-01,6.286891609790585811e-01,4.355071971441502182e-02,5.700706590354787107e-01,2.333114570083975714e+00,6.542576792797289986e-01,-1.283374017165109571e+00,1.155738026589383516e+00,-4.338373644908999349e-01,5.598072893113269499e-01,-2.110414662872533709e-01,-2.794915080089556136e-01,1.398702253355333269e+00,-4.063495948663808227e-02,-1.101642192798774511e+00,9.042284643260212196e-02,5.671256716481511972e-01,-7.985898689150801033e-01,4.830619823053363127e-01,6.110734718317797354e-01,9.672120011937140882e-01,1.310418993986465219e+00,2.273092002220591101e-01,-5.212273268673122129e-01,1.721425931134991538e+00,8.365834765497004444e-01,1.923116232715372353e+00,4.696271357503517541e-01,1.231057999394266522e+00,-2.493525911797891959e-02,3.062560149503951168e-01,-6.956357470520216912e-01,4.369377966607888575e-01,-1.659294732277871498e+00,7.156727852084394659e-01,1.412301022899909331e+00,2.196799313247052576e-01,-5.780628044364635176e-01,2.961393660585553977e-01,4.340717313913439734e-01,-7.456625265693657134e-01,2.093797182015963543e+00,8.537474069982009528e-01,1.317278990610754930e+00,-6.681640512872543125e-01,-1.430006024312900026e+00,1.314599679591022863e+00,5.633137657122371245e-01,4.015858440002035290e-01,6.494378149338352335e-01,-3.812025473230578054e-01,1.254209279129400723e-01,4.596255706290723886e-01,-8.573741326542162478e-01,-1.659966683713510333e-02,1.006865767459742544e+00,5.442798276150256909e-01,2.878468271572850457e-01,1.997338841782777541e-01,1.933721656671785194e-01,-3.960236687852562998e-01,-8.960979179015845508e-01,-2.893817229644299327e-01,9.675059205677716268e-02,-8.733587206322220853e-01,-6.250731975437864296e-01,1.598065945661381937e+00,-8.240713087787014945e-01,2.079846841924402501e+00,2.999190261446512906e+00,1.120557487266219621e+00,1.456487375775145088e+00,6.026957338999354707e-01,-2.890188129840455811e-01,1.331078560850742446e-03,-2.203187513969405986e-01,7.116911036479298680e-01,-2.443598365397574579e-01,1.089680442806461702e+00,-4.524076393040573629e-01,-2.598676744646445380e-01,2.942927833517389735e-01,5.275716662506816507e-02,1.185297846253070775e+00,-1.689420808718551381e-01,1.387485934723152070e+00,-1.080871078793001483e-01,-1.244572533823416816e+00,1.725609103249754916e+00,-9.340151780668800585e-01,5.514120161227173966e-01,-7.997401070181905380e-01,1.620199524543612934e+00,3.013894798188941904e-01,9.562035526938216234e-01,-2.576720616805381781e+00,5.786001209289975966e-01,2.038779694127663245e+00,-1.084178306424508215e-01,5.894278320847036179e-01,-1.627239352344498902e-01,-1.102725626315075758e+00,4.583081113885474622e-02,1.377939428082851858e+00,1.267960222673797599e+00,8.028959550581752369e-01,8.601471469121992897e-01,8.021482874808828489e-01,1.171312622629340494e-01,-8.133488900506008479e-01,1.181739330465952698e+00,-3.464349017400748521e-01,3.729388342321841021e-01,-1.788848891367992855e-01,-1.663304171308562993e-02,-2.261618526570355336e-01,-3.158979523966677361e-01,-3.400137543598121259e-01,-6.206648250992393701e-01,3.442745227385890505e-02,4.008944310996404581e-01,-4.373236988459603403e-01,1.246779039278215651e+00,3.906237329479452236e-01,-2.192371526847892715e-01,2.140437695369368676e+00,2.958255030440894995e-01,4.170244239369736566e-02,1.775689647534447246e+00,5.685475965569256607e-01,-8.169841344845404363e-01,5.925936600377965657e-01,6.878991044118908382e-01,-3.422049033238760973e-01,-5.125513955335183613e-01,6.923440978062959106e-01,1.294041952976078935e+00,9.677148049324242607e-02,-4.301382986041104098e-03,2.186962603840695574e-01,-4.659248823395926165e-01,-1.256329693373215983e+00,9.037095074862445954e-02,-4.967791589382390960e-01,-5.238048614139187986e-01,2.172402104349687724e-01,-4.225462825220689944e-01,6.457435946683443007e-01,-2.288524970433984951e+00,-7.146168294701439327e-01,1.055331861429797291e+00,1.011611005507663252e-01,-4.605012126598730937e-01,-5.125079525551492349e-02,-7.430908893135592663e-01,8.990584266100127842e-01,1.545538021527952166e+00,5.250416531842811985e-01,-5.279885905550224523e-01,9.498006051948393313e-01,5.276866461388254326e-01,1.529109541270970152e-01,-4.959212489474788543e-01,1.166731871176442947e+00,3.305213467186017828e-01,-1.100915653717931875e+00,-8.229931207372677415e-02,-3.330015263443158458e-01,-2.961118274921577531e-01,5.134052981107441183e-02,-1.234782216206332883e+00,-2.926598091527755630e-01,-8.020983627753975886e-01,6.953205949138156761e-02,7.609415987519498881e-01,-9.143763464618921422e-01,1.916845990481133022e+00,9.604181902613955213e-01,1.063470831284208717e+00,-1.410370572078049500e+00,3.332362337835640620e+00,1.512709273365083318e+00,7.873951031718345872e-01
5.384666584228893216e-01,6.667645738613737771e-01,-8.476461864022344361e-01,2.345209085387609249e-01,-7.464156780002385583e-01,-8.002218509226750598e-01,8.409659390060594264e-01,3.288607743605089229e-01,7.647805779320088204e-01,1.376178775058542580e+00,-1.155146953008310551e-01,-1.007717460538906540e+00,-4.252600061843332391e-01,5.573072445299972477e-01,7.930858292432091394e-01,6.378950156755238687e-01,5.161875613451694100e-02,5.975436557744362442e-01,2.356522600978162796e+00,6.560190283462986605e-01,-1.274591932145134887e+00,1.127403110961041399e+00,-3.954828987011392849e-01,5.537913353663977967e-01,-1.959173047782199750e-01,-3.085692640541773391e-01,1.389739700988450899e+00,-5.316078221948608270e-04,-1.145614242381742365e+00,8.547260544425309969e-02,5.752560768119175938e-01,-7.681293738550464267e-01,5.121008443826661205e-01,6.212148835968348548e-01,1.029196178553812624e+00,1.339360152513904945e+00,2.400656832292219767e-01,-5.434767868908196853e-01,1.679169542596937514e+00,8.214734442368500922e-01,1.982169762883484010e+00,4.414160548894242586e-01,1.206780211375948042e+00,-2.722716383560173925e-02,2.927788394842098518e-01,-6.841333041352648525e-01,4.690474497057129377e-01,-1.665925686934835115e+00,6.211354131078783425e-01,1.448221949548296417e+00,2.311469264350031194e-01,-6.218265644767637657e-01,3.683032965083765098e-01,4.505447618368381146e-01,-7.035606241657188509e-01,2.087447913477246342e+00,8.453411393465095625e-01,1.328046134120736133e+00,-7.101254461375097193e-01,-1.502134165673421506e+00,1.435554564217292661e+00,5.689850906212715609e-01,4.284130736691009744e-01,6.604106932550959375e-01,-3.866160527017613591e-01,1.528261002758434794e-01,5.753884960609152444e-01,-8.508763932205503089e-01,2.692385699556191451e-03,9.976391621743065929e-01,5.335052070180676953e-01,2.565279690111590960e-01,2.007678774044304171e-01,2.067881209290404199e-01,-3.937780000867200925e-01,-1.019574547477365867e+00,-3.226299438519123486e-01,9.282043053389002485e-02,-8.773342506108812167e-01,-6.331185075931428097e-01,1.601326519846224983e+00,-8.655875476109486932e-01,2.077958776274256181e+00,2.980424140503270536e+00,1.193538950471562554e+00,1.406036853041876533e+00,5.944469260914457820e-01,-2.676185961302269267e-01,-1.161030021633536677e-02,-1.956840913378054547e-01,7.337032874594683340e-01,-2.025175220041683100e-01,1.078171136736505886e+00,-4.882480276143159603e-01,-2.467842637896118796e-01,2.976504497176240549e-01,3.083365731277900451e-02,-1.710792979559375149e-01,-2.423353776645940927e-01,1.364500230483063570e+00,-1.146483958924127550e-01,-1.247023190526514780e+00,1.695545773732751949e+00,-9.079035721276765836e-01,5.773995261112366828e-01,-7.987666017902567139e-01,1.644561187849967743e+00,3.550694553508700890e-01,9.986037310419558777e-01,-2.613056224081532708e+00,6.264030023972887440e-01,2.054282716481429016e+00,-1.486801820708163191e-01,6.064515630817300940e-01,-1.990556013832498194e-01,-1.079361363213201086e+00,3.700300726610954161e-02,1.376300798496172595e+00,1.257543383248760582e+00,7.823357272731896739e-01,8.418347083909925033e-01,8.673151769928694188e-01,1.147194009325632480e-01,-8.948669171270947631e-01,1.185263759723590438e+00,-3.098161271429855645e-01,3.579897821580325101e-01,-1.940973479258019663e-01,-4.925633072637169291e-02,-1.888441833510442480e-01,-3.468879938659609197e-01,-3.368753736965416912e-01,-5.508979946824072993e-01,3.116642851112422230e-02,3.736024624174726916e-01,-4.336062741208562832e-01,1.211791539363082926e+00,3.589616363447405423e-01,-1.889152869443564697e-01,2.147476590282129116e+00,3.496532355409347481e-01,3.005927272072073803e-02,1.772179057111005207e+00,5.541497198961995441e-01,-8.139550616228555802e-01,5.108987643909180809e-01,6.168091825036623455e-01,-3.286963217985193197e-01,-5.404107349698130669e-01,7.755064688009922769e-01,1.313172253794016475e+00,9.625970137997089116e-02,4.930768560071793760e-02,2.013712709150980718e-01,-4.546705840012303379e-01,-1.223517244174405327e+00,1.120944881214865074e-01,-4.637364057089090053e-01,-5.161881018494413054e-01,2.393244833489171774e-01,-4.710475495024558645e-01,6.241395654557131412e-01,-2.307058855717747825e+00,-7.049795576643808070e-01,1.037501240955641446e+00,1.141349955596623195e-01,1.357659489453204804e+00,-3.062881068797040571e-02,-7.450583317102511538e-01,8.665629947219045670e-01,1.545081535566725783e+00,4.618648156065396360e-01,-5.359454687808368201e-01,1.000427019682245122e+00,5.954122830365431440e-01,1.740741429377333782e-01,-4.993935751152615565e-01,1.164780915264441052e+00,3.360386162245742048e-01,-1.189156848270054745e+00,-6.865593466151753699e-02,-3.421397703588728856e-01,-2.813552481326556665e-01,4.631536431217510991e-02,-1.212340492604604636e+00,-3.255293709456711926e-01,-7.635685591904040059e-01,2.366463613047446041e-02,7.454686942870817346e-01,-9.879068572327315279e-01,1.905905351961754590e+00,9.655772111646669931e-01,1.076365972072948152e+00,-1.460147029311507083e+00,3.384061903816455885e+00,1.516258314242524996e+00,7.921103438562564492e-01
5.642092563580908271e-01,6.876574831657210618e-01,-8.286033048977896609e-01,2.191527454689409793e-01,-7.575817477768400643e-01,-7.893782142744381058e-01,8.401186409490777329e-01,4.559136207739777347e-01,6.685844934546210094e-01,1.354121886188154322e+00,-9.201923067104106346e-02,-1.033997770969130592e+00,-4.642557676022670554e-01,5.927598409493844978e-01,7.974481598645645208e-01,6.424951556410888331e-01,4.890640858203618851e-02,5.706342006649040011e-01,2.329012346165314717e+00,6.462840574406790717e-01,-1.283980839173585187e+00,1.149113103208690534e+00,-4.205169514312031009e-01,5.641336770669638234e-01,-2.218539302398381263e-01,-2.795518051470756160e-01,1.392427999049284049e+00,-4.145587731524692093e-02,-1.107625988802034334e+00,8.368498337417668020e-02,5.598876850814790140e-01,-7.902222896645241246e-01,4.946631769135351742e-01,6.137085595799990356e-01,1.006362011943887191e+00,1.305432705457975961e+00,2.180484009247060095e-01,-5.299593918458032071e-01,1.698223480405112396e+00,8.260180002152969214e-01,1.951713635781835654e+00,4.854313548320654537e-01,1.233920144239766925e+00,-2.800260131429593846e-02,2.421141947467272404e-01,-6.901630997179617477e-01,4.236410987388407601e-01,-1.651068527882039394e+00,7.143445069027796190e-01,1.402763282959587077e+00,2.165738507271030011e-01,-5.723975447036057096e-01,2.949598022344885884e-01,4.502192664586813775e-01,-7.473125224192295191e-01,2.090884493531224297e+00,8.523422176314334742e-01,1.316421510202327338e+00,-7.383647321820965281e-01,-1.452884429753634521e+00,1.310776005635069463e+00,5.663827360604787309e-01,3.609108629118262801e-01,6.397603496234450793e-01,-4.504548775912234349e-01,1.322290849778356980e-01,4.646656704274301775e-01,-8.684434839966823638e-01,2.245587647428470487e-02,9.862237282480812439e-01,5.384507905012678730e-01,2.837191301486661765e-01,1.989619672704912579e-01,2.026397363889003433e-01,-4.077632179990979822e-01,-9.005585848452547504e-01,-2.882433166446321526e-01,1.021479347163243845e-01,-8.476954348846933440e-01,-6.024872505462024463e-01,1.612177527659013343e+00,-8.390802358869655642e-01,2.062022754153029158e+00,2.989518131774263399e+00,1.111636077320963700e+00,1.471243842922048906e+00,6.110383167715530695e-01,-2.859656703178454218e-01,1.475809121314281859e-02,-2.006323757914000028e-01,7.092205058271106033e-01,-2.681527790591304861e-01,1.100983367265323087e+00,-4.516383379152754118e-01,-3.058557849251255512e-01,2.897501926253410742e-01,5.555975873102926565e-02,1.181998621760918855e+00,-1.694897184284337999e-01,1.376406731048684495e+00,-1.193092063068154490e-01,-1.247637393419749108e+00,1.723488224287600623e+00,-8.850537198555855634e-01,5.699597898525005091e-01,-7.964522171283401342e-01,1.631255975180948559e+00,2.965252047057626017e-01,9.549588343372094057e-01,-2.567578561308967888e+00,5.871808598242772570e-01,2.049694722503973221e+00,-1.083493426198527121e-01,5.921225514682963986e-01,-1.795622907650985256e-01,-1.092020016650278702e+00,4.561730168467222069e-02,1.368994108054585990e+00,1.268696814434130404e+00,8.053658622091866004e-01,8.548892509772926251e-01,8.152861706578190537e-01,1.213336874721801933e-01,-8.147472089211887925e-01,1.185580956439127975e+00,-3.540240301999585948e-01,3.349441103946936837e-01,-2.279412940965530043e-01,-4.101022728527703443e-02,-1.986560374698115861e-01,-3.131895933907276053e-01,-3.398750591048869674e-01,-5.447560455688963410e-01,3.248538554833722836e-02,3.887761603692948542e-01,-4.274288717489068135e-01,1.237589145424595971e+00,3.666276735914270057e-01,-2.171845235996672785e-01,2.139630788739832923e+00,2.871296814472102943e-01,2.966284770589514355e-02,1.720879014710571031e+00,5.609511039789485398e-01,-8.252606845204728536e-01,5.931410130786417545e-01,6.854771743825777142e-01,-3.487978888588741389e-01,-5.181251483145900005e-01,8.198405640372561365e-01,1.296578875459825975e+00,1.015503833493132252e-01,3.500988650018504317e-02,2.244410543364376009e-01,-4.634302373500011063e-01,-1.233308359463417103e+00,8.438019674699108463e-02,-5.292167491790179534e-01,-5.211676913034987146e-01,2.113205684156373998e-01,-5.039473680611104012e-01,6.403428463891990274e-01,-2.230227211527211928e+00,-7.219994649980924217e-01,1.040598118021995866e+00,9.674262162042381041e-02,-4.764959192669637189e-01,-3.923959133271362476e-02,-7.402231428677371605e-01,9.008005824534165429e-01,1.547166722571780229e+00,5.211212686126296401e-01,-5.279441550152456086e-01,9.558550487167009058e-01,5.229965565888944345e-01,1.474704774910516325e-01,-5.099233978994386352e-01,1.159828449897365221e+00,3.321161645200012558e-01,-1.103755970057413993e+00,-7.250023379028910919e-02,-3.457882877042051661e-01,-3.062791107745966857e-01,4.199576087442892514e-02,-1.229023655125603964e+00,-2.983849453171120714e-01,-7.928183883279759092e-01,7.614302954295401604e-02,7.540443599205495229e-01,-9.418895223713182885e-01,1.914017934137215660e+00,9.603224699899726158e-01,1.062071138124229375e+00,-1.402246429736566435e+00,3.335324397657389195e+00,1.542166884967329343e+00,8.128795956806450507e-01
5.768703494933007381e-01,7.125656760307291782e-01,-8.390286260080355163e-01,1.829954489089286873e-01,-6.916965598323154829e-01,-8.278143977509229146e-01,8.607371655906449481e-01,3.296476707883190804e-01,7.585383571840319528e-01,1.309529878149544135e+00,-1.087905068888207621e-01,-9.559730385863740576e-01,-4.354836411723266854e-01,5.692947235127002736e-01,8.511597623642634947e-01,6.504840051098782494e-01,5.504247361796093391e-02,6.088505500032808104e-01,2.349098508089372039e+00,6.361878670726027751e-01,-1.287983843288009966e+00,1.129273238689206149e+00,-4.395220604332086278e-01,5.335681785528472165e-01,-2.061633409145388340e-01,-3.048959139331197110e-01,1.366946061016600433e+00,-3.226857583854474826e-03,-1.143181513955276563e+00,9.485812770801974048e-02,5.436220875750443771e-01,-7.722826358161809512e-01,5.205001487327505227e-01,6.096322960451755479e-01,1.029948007735702387e+00,1.312263632333930508e+00,2.128193742350812101e-01,-5.228231174109209123e-01,1.678573255634468797e+00,7.943637692554343932e-01,1.957358233309203666e+00,4.636143531448704280e-01,1.211898132848616472e+00,-2.707933914147871157e-02,2.520204031432501379e-01,-7.474075224262031192e-01,4.718440001809240947e-01,-1.685127728921627099e+00,7.189925188736213668e-01,1.423589450771929110e+00,2.087451311051878589e-01,-6.205797342197530986e-01,3.735917692771906773e-01,4.187251976366496153e-01,-6.763082255556300826e-01,2.117006208312100402e+00,8.316819429105480888e-01,1.309721606217311596e+00,-7.127130905914951242e-01,-1.449828789204613777e+00,1.453614888996370924e+00,5.522762571325642300e-01,3.731246392571416770e-01,6.569720077292441340e-01,-3.836509223610999886e-01,1.708232240328480256e-01,4.375269716858741775e-01,-8.338209610753570811e-01,-4.206637217427202161e-03,9.838045708938460976e-01,5.514000164335136622e-01,2.854454610996704500e-01,1.963227537663380651e-01,2.139747225014482501e-01,-4.104131745923808583e-01,-9.134977601995120100e-01,-3.265602713868864804e-01,7.119986348572349133e-02,-8.414402594558415549e-01,-6.476124655223346460e-01,1.598965815623822895e+00,-8.791322117796009916e-01,2.687376105230439016e+00,2.997237575016902689e+00,1.100941462743293409e+00,1.425767952732293065e+00,5.968039367214911239e-01,-3.130137947686614242e-01,-3.727238206433741013e-02,-2.129352896782039095e-01,7.339457696465402359e-01,-2.550577250477725211e-01,1.070261796502983698e+00,-4.748604054519628970e-01,-3.180530857644329745e-01,1.980086855679226709e-01,2.813737362908443410e-02,1.194431911661110179e+00,-2.125143740825843619e-01,1.413581656045882040e+00,-1.086160694711341412e-01,-1.236809087993383960e+00,1.769321977741949770e+00,-9.104798445349555625e-01,5.505408214014065882e-01,-8.084256630974229196e-01,1.646349441927925872e+00,3.220206711936957067e-01,9.781499723789019995e-01,-2.614736392496590511e+00,5.952209136102273312e-01,2.044678122543827303e+00,-1.513616631237681420e-01,6.122217931135960356e-01,-1.383741384718228107e-01,-1.087941761184339162e+00,1.114543163496756611e-01,1.326717461972604539e+00,1.259682825008522133e+00,7.744659196133946155e-01,8.503291189318232801e-01,8.957326932510423223e-01,1.135890456726122294e-01,-8.997370302881955162e-01,1.191595864577349229e+00,-3.086626019467854087e-01,2.974261567666760531e-01,-2.079428887499942535e-01,-8.658404802299486669e-02,-1.696881699649915587e-01,-3.413502367223318346e-01,-3.252817830265913868e-01,-6.388984373728823218e-01,5.659472618731829774e-02,3.594395613754047258e-01,-4.315123857780336358e-01,1.216360611576765338e+00,3.466329191544883503e-01,-2.109480624323899212e-01,2.137363236002976397e+00,3.162013059412568938e-01,-2.655322534509448745e-02,1.736495143654881446e+00,5.518359862274027083e-01,-8.243588306053765136e-01,5.046294442807037761e-01,6.649411963345535082e-01,-4.546232407214347848e-01,-5.499459879018158137e-01,6.908586307828223916e-01,1.310867815527938740e+00,9.181069720068189832e-02,7.487533293570888815e-02,2.384176374082924987e-01,-4.447765325050691554e-01,-1.231596577420237759e+00,1.161336428337520071e-01,-4.670558952810027198e-01,-5.027510085583515309e-01,2.073577636612000397e-01,-4.505872517870912475e-01,6.109151454707144602e-01,-2.311736286210423597e+00,-6.943475828446999953e-01,1.011323371809914162e+00,1.155407748703601578e-01,1.378057692876018425e+00,-3.049627631765014849e-02,-7.932857787422818996e-01,8.629790030585743343e-01,1.547082894682304754e+00,5.065312768930204657e-01,-5.363954500457082109e-01,9.251958727634999047e-01,5.965356786493721808e-01,1.632751374570259872e-01,-4.867836945452153619e-01,1.141408850091929272e+00,3.277732825194065169e-01,-1.112702272898321576e+00,-7.734443742359727036e-02,-3.347909838641492941e-01,-3.144132785762429605e-01,1.206148349883527787e-01,-1.155365173976128812e+00,-3.202826881136161541e-01,-7.723719769154020476e-01,2.149183170916568394e-02,7.142250128003382326e-01,-9.195789106461692564e-01,1.915826994824327612e+00,9.943195104785610416e-01,1.064453347152565454e+00,-1.404781804862373695e+00,3.394394467422946704e+00,1.520149301332040181e+00,8.472737246685764223e-01
5.374569006594519527e-01,6.747500772470467201e-01,-8.356293674979670127e-01,1.982191095020735538e-01,-7.519017003743013738e-01,-8.012344357040119824e-01,8.782866483798315027e-01,4.695747007707842258e-01,7.760421573928721894e-01,1.332732759773956666e+00,-1.209176845059766470e-01,-1.023050426907787136e+00,-4.765653930900963231e-01,5.657977709476393890e-01,7.901167281032865919e-01,6.389296102420057855e-01,5.362022117163398049e-02,5.335939060585135341e-01,2.381144983583021624e+00,6.384330888568389151e-01,-1.227201536217956912e+00,1.143244025104752204e+00,-4.346315848005570248e-01,5.619931807709388494e-01,-1.917131994604973633e-01,-3.482682421603757184e-01,1.423818359388226318e+00,-9.732046259583571057e-03,-1.096538359214512148e+00,9.996966595354016272e-02,5.611394026758133036e-01,-7.583297673630613467e-01,4.671251967531988014e-01,6.179597599348097825e-01,9.652846330077761161e-01,1.313181156350383461e+00,2.279214673732717356e-01,-5.482641572487175763e-01,1.641210976334255500e+00,8.242545943862606972e-01,1.953107420687821838e+00,4.499088117245446661e-01,1.246814062461681916e+00,-3.513719921766109838e-02,2.522987749992830486e-01,-6.634397588570074555e-01,4.753525020716621863e-01,-1.665005737718550538e+00,7.536233099955587100e-01,1.404283224541077679e+00,2.311207881917127782e-01,-6.288815276804963217e-01,3.096113387827141294e-01,4.342578156429620639e-01,-7.724509873058496012e-01,2.093893286273765586e+00,8.120097009309792391e-01,1.312812922144227734e+00,-7.018524353212621802e-01,-1.451531888168147821e+00,1.437857598291387040e+00,5.739199388122740997e-01,4.069742176468571504e-01,6.550437888400413300e-01,-3.895434055945709018e-01,1.571150077083004193e-01,6.186974836909643338e-01,-8.584544256366731796e-01,9.113331479936370716e-03,1.021813494031064362e+00,5.632511189328561763e-01,2.386458535650408108e-01,2.066146323932578355e-01,2.321389164474283173e-01,-4.228514505357839348e-01,-9.524047811808529218e-01,-3.511914217602962740e-01,1.158957952933375724e-01,-8.485898667941250695e-01,-6.423690362566428780e-01,1.618977022827272183e+00,-8.610081923356569522e-01,2.691245457037308775e+00,3.019978983145618745e+00,1.136988893633921194e+00,1.438013065251675382e+00,6.355353518225086429e-01,-2.868937932315646644e-01,-2.546927721892023808e-02,-1.798505829133840161e-01,7.357513747225852274e-01,-3.383106507568278132e-01,1.079943210328151215e+00,-4.536169262351093523e-01,-3.042791691508571206e-01,2.045121611746430756e-01,2.824756016693166782e-02,1.181732226138423547e+00,-1.809129091674230860e-01,1.391281265744921392e+00,-1.170605717012958846e-01,-1.154879796366480749e+00,1.742442696635467581e+00,-9.292572101007067209e-01,5.864689628893454687e-01,-8.079383423679769027e-01,1.634133622826005272e+00,3.367159635840170084e-01,9.795534282510310886e-01,-2.541714165610487797e+00,6.189184630721769054e-01,2.049874380985257538e+00,-9.623535525016192749e-02,5.544950647529640619e-01,-1.780197408196732001e-01,-1.082762149240987348e+00,6.116482603984387673e-02,1.372811299221687875e+00,1.279029297485115180e+00,7.435190899427416289e-01,8.442493484222157729e-01,8.831158029102540441e-01,1.371068526807258381e-01,-7.926642406894333082e-01,1.181970828562262765e+00,-3.371878656786755912e-01,3.996240993373134098e-01,-2.217803737495849525e-01,-4.908790812703295314e-02,-1.956597234060082902e-01,-3.180321471116567267e-01,-3.152574951136801751e-01,-5.619981871945799456e-01,2.882278020476155417e-02,3.833367666271508267e-01,-4.611286180099756771e-01,1.247283360340751157e+00,3.849658437867179983e-01,-1.966594217599612060e-01,2.105471522081048263e+00,3.330313701483595401e-01,-3.174159743336833761e-02,1.715037913217140053e+00,6.142777635425887839e-01,-8.122403948203734680e-01,5.038988591223126923e-01,6.448784023321144643e-01,-3.477244426394351384e-01,-5.256171512760251519e-01,7.245644934466869413e-01,1.272481683256035501e+00,1.019755024962165774e-01,9.162624607461704318e-02,2.308242957391932748e-01,-4.651583732247879799e-01,-1.157950090844627633e+00,1.032102449904229030e-01,-5.072692013350156293e-01,-5.493466523983158156e-01,1.961539079230770199e-01,-4.852123080930193511e-01,6.178883348727953750e-01,-2.230147137854498141e+00,-7.379412111697588594e-01,1.033224178901265722e+00,6.764944266215214275e-02,1.389974573043147643e+00,-2.267282139575927877e-02,-7.423036821518681494e-01,8.453492294054553158e-01,1.572130071087241898e+00,5.075426810718446369e-01,-5.541534491191193457e-01,9.609752165712821537e-01,5.356118482535042746e-01,1.885781350215208485e-01,-5.177681220718672872e-01,1.136883752114111523e+00,3.430786959210912479e-01,-1.210446597049034123e+00,-8.657772048485315453e-02,-3.626746635175782663e-01,-3.033995454159946203e-01,8.233977826435344427e-02,-1.201131682779095433e+00,-2.917006568906631570e-01,-7.933528122835873386e-01,5.544511920345919498e-02,7.550940300728131716e-01,-9.511224167022923615e-01,1.915356551206374602e+00,9.746830190070118194e-01,1.073021745078470035e+00,-1.424821851848483423e+00,3.372817854272182725e+00,1.545679306087259564e+00,8.612697451742804544e-01
5.559402475893510109e-01,6.862378096906285307e-01,-8.488711397483146293e-01,2.114339650949816907e-01,-6.863511511800398646e-01,-7.657296247609265416e-01,8.263080786990194548e-01,3.344831620847836251e-01,7.665904737530933044e-01,1.363323772857787386e+00,-1.170212080423018164e-01,-1.033212052334086861e+00,-4.307890367074442284e-01,5.636514101688279155e-01,8.498714582374240489e-01,6.559631872575952816e-01,5.006366239418472835e-02,5.257733487881099954e-01,2.408904697732922706e+00,6.340702768678784240e-01,-1.238987024732266518e+00,1.111326295346681592e+00,-4.469196121578242753e-01,5.144577984629320477e-01,-1.814307029005655103e-01,-3.940440553628803966e-01,1.427339018329998543e+00,-9.749865164752664903e-02,-1.111181919809588026e+00,8.911235884642842997e-02,5.492878335269372192e-01,-7.718712996165691953e-01,4.807230154136191147e-01,6.083263430032727070e-01,1.011665992037996897e+00,1.309283022363824545e+00,2.239842704792231742e-01,-5.067572043660762970e-01,1.692232641723813824e+00,8.244399874006668183e-01,1.943526333706453224e+00,4.686933390645029451e-01,1.216046670879693981e+00,-9.450252408334284052e-03,2.874548243225276689e-01,-6.826615525236278126e-01,4.367471260705927949e-01,-1.547558193653350234e+00,7.312197457381556243e-01,1.440891455913439589e+00,2.850317920357162693e-01,-6.334182421645668803e-01,3.759480235124155745e-01,4.561387334754281042e-01,-7.525214078549434804e-01,2.099046955455032393e+00,8.499934859746641758e-01,1.317053885222792653e+00,-7.047637271714782825e-01,-1.463065120458522994e+00,1.462064706904404821e+00,5.748498732443716452e-01,3.805918151399548810e-01,6.785037892438559037e-01,-3.910288958583013619e-01,1.898911639734425782e-01,5.630440533275469228e-01,-8.299710954194757795e-01,1.880643671654301519e-02,9.566776984810315687e-01,5.568474445596076627e-01,2.830171459419800195e-01,1.778002499987847707e-01,1.946510092436256334e-01,-4.216261571904215688e-01,-9.809938185257698340e-01,-3.651450566093292771e-01,1.179430035349511713e-01,-9.297818785248520568e-01,-6.586450639480999625e-01,1.600010755901600357e+00,-8.870583392934796585e-01,2.071144366927077041e+00,2.966861235909358019e+00,1.106805459449860418e+00,1.382087961022509193e+00,5.927229428118591104e-01,-2.907481002368071388e-01,5.989303111530366180e-03,-1.956027782918628444e-01,7.176242268129260360e-01,-1.936774681663588071e-01,1.075931724313336169e+00,-4.360185136127191496e-01,-2.891175780295587305e-01,2.761333027378256033e-01,2.445341298696285595e-02,1.160119493489573106e+00,-2.451193158652247295e-01,1.413498409448127102e+00,-1.128882326433020139e-01,-1.257137009729336619e+00,1.759291151843864087e+00,-9.378765689856161103e-01,5.666955513567011327e-01,-7.837990945665371800e-01,1.624438177304064590e+00,3.477136395542962388e-01,1.008593684324547990e+00,-2.606997254970267797e+00,6.216599112396046234e-01,2.035341934440760170e+00,-9.477300643566052840e-02,6.279160327886703641e-01,-1.328394315134045489e-01,-1.115504380134659579e+00,9.189843396487186455e-02,1.358314918057877740e+00,1.265036573027012556e+00,7.459286861618181774e-01,7.878933429928860477e-01,8.767311407178031146e-01,9.385824072753946867e-02,-8.094352466301063531e-01,1.179788443252500318e+00,-3.761592245374571486e-01,3.669363386022968521e-01,-2.208840757253218157e-01,-6.495833615493287749e-02,-1.816490875782840742e-01,-3.358621928362943709e-01,-3.346879491374772364e-01,-5.486452981688527686e-01,-1.211131481820210999e-02,3.478245958306867558e-01,-4.552465315819794744e-01,1.210164472919441625e+00,3.883254781138983369e-01,-1.929700397889418384e-01,2.117570582923264499e+00,3.399716359369919227e-01,-2.808668271383266829e-02,1.717100829228997982e+00,5.202336059944254743e-01,-8.258515408482597353e-01,5.911802235206696787e-01,6.730282558690104944e-01,-3.380540761877257605e-01,-5.154936576973173645e-01,6.687402016621581957e-01,1.279377365065051952e+00,1.004205759690716959e-01,-7.858474829316869359e-03,2.163603278089028525e-01,-4.627174674912559738e-01,-1.217841528295811937e+00,1.351278832503525484e-01,-5.050026776823699493e-01,-5.262273908681167622e-01,1.587203363982975513e-01,-4.927317744992289472e-01,6.333602841992808097e-01,-2.295953966344135289e+00,-7.219510879113494317e-01,1.015161948544600179e+00,1.335248969863475355e-01,1.350340502325447778e+00,-1.820147358283087310e-02,-7.647247891207824555e-01,8.901736285035807272e-01,1.574138992548230975e+00,5.443897459420533602e-01,-5.342059658141808942e-01,9.246601233871258874e-01,5.201701939974795463e-01,1.695823227712422998e-01,-4.818979602956500186e-01,1.150167566231590666e+00,3.378315806017189726e-01,-1.208193604675053656e+00,-8.983052556015479195e-02,-3.418619183934888950e-01,-3.542558252839070332e-01,1.186949223280801269e-01,-1.249630628123173492e+00,-3.099610247857666478e-01,-7.867375504472803316e-01,6.890288411741198049e-02,7.627756753152933333e-01,-8.950415409643197595e-01,1.926379467570612514e+00,9.919606275013184149e-01,1.059875600632594450e+00,-1.428339662493442574e+00,3.373081694736838276e+00,1.526719048883709018e+00,8.734263286998523723e-01
5.717360658445264088e-01,6.783748988281528280e-01,-8.409145597648597370e-01,2.199724273892086635e-01,-7.540745209644595937e-01,-8.086574663502998916e-01,8.325424076893356284e-01,4.507508789987550446e-01,6.868766788684184110e-01,1.353913911883307453e+00,-9.187669798414835332e-02,-1.049585069233197832e+00,-4.472539496151853311e-01,5.564139841418240806e-01,8.169586177824356144e-01,6.313242034439269235e-01,5.129149157268888398e-02,5.695447927198119542e-01,2.325582592479578103e+00,6.442520705469537701e-01,-1.284858252606049245e+00,1.158633594882982454e+00,-4.245837950101337688e-01,5.678009824658840632e-01,-2.222292593940360661e-01,-2.811901234909995884e-01,1.409922176136549909e+00,-4.216550698212227083e-02,-1.113870052700121738e+00,9.792234137702426899e-02,5.730462440546495451e-01,-8.135498253395574419e-01,4.902956294793718306e-01,6.304079344485270520e-01,9.984626777232762374e-01,1.362440002049227328e+00,2.182169795972194737e-01,-5.221189720708248050e-01,1.682229479082707924e+00,8.248771560515082424e-01,1.975991059883216883e+00,4.764222717876548385e-01,1.216383934421957580e+00,-3.240737836558122559e-02,2.583340680406914225e-01,-6.962831387907614245e-01,4.342131214973258824e-01,-1.649306111746793313e+00,7.334806226158977482e-01,1.403928890341843205e+00,2.177442665832990676e-01,-5.652460780849015709e-01,2.937173145759892634e-01,4.445336068344225011e-01,-7.477364012882388167e-01,2.112609103810944244e+00,8.923521004254874045e-01,1.320315489746765714e+00,-7.420400234503279346e-01,-1.443788049840277754e+00,1.329346227666860170e+00,5.612349389881177153e-01,3.750870322675999291e-01,6.718909373308099564e-01,-3.875717321464635656e-01,1.988216454790563137e-01,5.516601228633786214e-01,-8.273773341220025390e-01,-2.230930141862701166e-02,9.906365451721212967e-01,5.391554657668158335e-01,2.615499498669858203e-01,1.966052159774246411e-01,1.854443404555774222e-01,-4.033349921634109547e-01,-9.029877584616027297e-01,-3.615975662350144892e-01,8.831992739499754108e-02,-8.400143187509804266e-01,-5.983157425668953477e-01,1.605685804798559158e+00,-8.423810155753120865e-01,2.068756174133897563e+00,2.987206211062466643e+00,1.123424179273850410e+00,1.483866608044748459e+00,5.997506738304113627e-01,-2.655740054178861720e-01,-4.301556364349137448e-03,-1.987990524498138012e-01,7.114071141622828609e-01,-2.173204421312077139e-01,1.131131426016998232e+00,-4.802433232345661995e-01,-2.677733483410957849e-01,2.910988608977340686e-01,4.395808939534991827e-02,1.194051814503948705e+00,-1.770881483887219998e-01,1.375885621407642256e+00,-1.096154445876538069e-01,-1.249160236757750342e+00,1.733939884601027437e+00,-8.940224021262979104e-01,5.715959792739558898e-01,-8.025322308254719816e-01,1.627155326570155491e+00,2.888245936409373216e-01,9.667695726069346351e-01,-2.555648600520784353e+00,5.825189867769300367e-01,2.057278092077579501e+00,-9.510936042193703088e-02,5.925369077289364128e-01,-2.006000500007396603e-01,-1.097139900423438785e+00,4.334626861529684155e-02,1.371459279795570918e+00,1.252141974508227618e+00,7.975960390168757019e-01,8.509632534486254452e-01,8.246005942711647219e-01,1.148116729823836918e-01,-8.630877223020522182e-01,1.195960434055898691e+00,-3.507148992242021257e-01,3.488978732556492490e-01,-2.300589111099118067e-01,-3.727650395232240399e-02,-1.957145323175046581e-01,-3.181389000285032020e-01,-3.536673044095762775e-01,-5.526869832927068238e-01,4.349797370895007453e-02,4.301609757780043841e-01,-4.350957685345731019e-01,1.244590376154567579e+00,3.723019068618281247e-01,-2.163678583473297445e-01,2.131613768679633480e+00,3.085440121398698166e-01,4.666957880624644783e-02,1.717566634331296527e+00,6.181612727390326523e-01,-7.871380768906441894e-01,5.908432371808614025e-01,6.855164399510393913e-01,-3.421695007272314570e-01,-5.230583162026291033e-01,8.065286738633805630e-01,1.303781007518237889e+00,8.955972937239935205e-02,2.736315577892105971e-02,2.285460006400094890e-01,-4.761205546785714504e-01,-1.209149651296448802e+00,9.254757786509752726e-02,-4.448292117301093640e-01,-5.209847143251895574e-01,2.016935787707627437e-01,-5.057896134139995281e-01,6.075680423269794739e-01,-2.221358993155541306e+00,-7.073429676440016189e-01,1.045908300779349487e+00,1.164700338298772231e-01,-4.721111661800460602e-01,-3.412467136260266543e-02,-7.603644767215467226e-01,9.037790192188005500e-01,1.550596960409892366e+00,5.279755514624309143e-01,-5.395436200246758185e-01,9.409828210914620295e-01,5.270120286677042465e-01,1.450680730945846375e-01,-5.107717499144442952e-01,1.157887483099068859e+00,3.327590800923221348e-01,-1.142928006779227346e+00,-7.867401862636044796e-02,-3.401149662448158528e-01,-3.075033741662571707e-01,2.960878477203220463e-02,-1.226322334284426274e+00,-2.955048070320354658e-01,-7.742301337744836864e-01,7.362624345233209633e-02,7.698419772518717563e-01,-9.391666269492758845e-01,1.921171098690697132e+00,9.706942263920829150e-01,1.071320008597136386e+00,-1.431890580560342130e+00,3.329175563383145242e+00,1.514537934560524546e+00,9.919062093072065212e-01
5.497527550243391792e-01,6.910393228452876846e-01,-8.225082872675558709e-01,2.019212004917426417e-01,-7.675065442235611268e-01,-8.354551199490255486e-01,8.500242600032713591e-01,3.179174427076563170e-01,7.380066726411954603e-01,1.365992317647098941e+00,-1.144150331591536340e-01,-9.902929917395365544e-01,-4.439073677966856035e-01,5.847663998402009566e-01,7.880885434672337819e-01,6.395057658272162993e-01,4.194550623334995787e-02,6.015231114709157501e-01,2.391200231895913131e+00,6.250862455410933771e-01,-1.256998770067229376e+00,1.146829756814450096e+00,-4.148454967116999570e-01,5.407973286882599151e-01,-2.055847330841868437e-01,-3.001153587888633067e-01,1.395749814181732829e+00,-8.404256515562816277e-02,-1.154152925156172182e+00,8.381547495921520818e-02,5.376082866609301902e-01,-7.754824040138370567e-01,5.263083473690604031e-01,6.097588024252021954e-01,1.014457980146873606e+00,1.334271214052093590e+00,2.244093222231282325e-01,-5.271213630812812134e-01,1.695705223572248732e+00,8.008398658701432193e-01,1.965532342321525405e+00,4.614118111813915735e-01,1.172620863321726326e+00,-9.286752457197818000e-02,2.333243229523651874e-01,-6.639383670693984607e-01,4.573687525249868768e-01,-1.663880288345823244e+00,7.198657931958462042e-01,1.397673310594294449e+00,2.048524483171390020e-01,-6.171436323309582583e-01,4.015313017194000467e-01,4.187090710260748527e-01,-6.743410453427963747e-01,2.086745218665702950e+00,8.523602046986847869e-01,1.301260045271398713e+00,-7.164810672520079970e-01,-1.465144523702549995e+00,1.466195376633040670e+00,5.558600443657772949e-01,3.949413338488982905e-01,6.849433480172203437e-01,-3.873613850958986804e-01,1.601916482716487788e-01,6.071302814051975361e-01,-8.499458136740448699e-01,5.480643338634664033e-04,9.546298598189327800e-01,5.346073909477523367e-01,2.542709910640525428e-01,2.089038084979145116e-01,1.923644960003832727e-01,-4.198504194556484936e-01,-9.391810117011964998e-01,-3.348982138734506453e-01,5.730997699638451515e-02,-8.444854958451889493e-01,-6.453246137813820615e-01,1.599000973357779687e+00,-8.372816861238355779e-01,2.071728582251405992e+00,3.023244768603300603e+00,1.067821147911454327e+00,1.394012549303512705e+00,6.058210810331439156e-01,-2.751442942775891298e-01,-3.192486825731656250e-03,-1.939242400634936803e-01,7.381450695242696147e-01,-2.158015981664514749e-01,1.083702565708491106e+00,-4.717462014537692205e-01,-2.329867262420446117e-01,2.259587510496594287e-01,3.434793944795452858e-02,1.195767600061324432e+00,-2.227473037453194527e-01,1.367315706907999084e+00,-8.443809758943487953e-02,-1.253237150694667568e+00,1.758553604600548104e+00,-8.998875512619176620e-01,5.634291202279171351e-01,-7.762838615162797051e-01,1.671933826916623955e+00,3.310938913414346318e-01,1.005497184476238370e+00,-2.636859037064994471e+00,6.334604981305610449e-01,2.048864136304421546e+00,-1.320621552805243126e-01,6.044135309199664130e-01,-1.778443186034410206e-01,-1.089589104975888789e+00,1.130177427238783505e-01,1.382683806041962171e+00,1.248910299935579005e+00,7.325780311455687421e-01,8.557123646649240634e-01,7.958935348578850544e-01,1.195184232531257135e-01,-7.797763578845988697e-01,1.202532566041321527e+00,-2.987743276151883509e-01,3.295898810117757205e-01,-2.323786247747960110e-01,-3.739810786620136052e-02,-2.373728996282714887e-01,-3.691770262667912195e-01,-3.505708649724911807e-01,-5.330847193292043151e-01,-2.464998542165140402e-02,4.444943074424596574e-01,-4.801297217494113756e-01,1.234283223321775758e+00,3.443642370440544997e-01,-1.883426333315669776e-01,2.115445646830385940e+00,3.467953039851260910e-01,-2.745648283140555285e-02,1.675703992131855058e+00,5.810084956799235201e-01,-8.032574403751356895e-01,5.098402533641402945e-01,6.822701396600603374e-01,-3.839035387117127329e-01,-5.039629864374025603e-01,7.100161352415436111e-01,1.312314921638129794e+00,9.468850117248214793e-02,6.994187209628613400e-02,2.274189718423154649e-01,-4.678489842939256294e-01,-1.226160809555085551e+00,9.790710326863161228e-02,-4.936248684662502551e-01,-5.193867496595111488e-01,2.659263389136456435e-01,-4.618403078031717013e-01,6.232666807898393779e-01,-2.280741295982800398e+00,-7.149747274388151830e-01,1.033077299581147024e+00,1.157730794401580499e-01,1.379800472938431000e+00,-4.981541184792901561e-02,-7.495839458330072480e-01,8.669150318798293231e-01,1.570915332562061284e+00,5.346841930968236900e-01,-5.396346676971390810e-01,9.569625293942370936e-01,6.165887413447996845e-01,1.690886012759370560e-01,-5.308268784824528019e-01,1.156986840626382351e+00,3.438105410676839391e-01,-1.197599501512608855e+00,-1.162666807445450062e-01,-3.836575146968567163e-01,-3.351325973159988703e-01,7.530372430637538583e-02,-1.218722375355908882e+00,-3.132110926004302853e-01,-7.844391208446345187e-01,1.252272087335029420e-02,7.605210057898380560e-01,-9.164300612164648641e-01,1.908277755646356377e+00,9.947917023433585637e-01,1.067461767859251731e+00,-1.449072056692155552e+00,3.357591170387060675e+00,1.525014930708856298e+00,1.004643982473989450e+00
5.629524668298490075e-01,7.070068473622913574e-01,-8.092853103105321910e-01,2.057147136893569261e-01,-7.392496625407162236e-01,-8.070940066921918898e-01,8.473375593487145752e-01,3.254915400167948114e-01,7.465893218024013400e-01,1.320218742428119540e+00,-1.124546519384216209e-01,-9.628454757605823255e-01,-4.288855127864187877e-01,6.218720577269910565e-01,8.545477989751385506e-01,6.544534620432793659e-01,5.657035485664339142e-02,5.224779641584340606e-01,2.324285402377828991e+00,6.199986331857650912e-01,-1.269700284786508426e+00,1.131136699375520749e+00,-3.826005010124004513e-01,5.278315476259426431e-01,-1.961147904491153116e-01,-3.924277104856453424e-01,1.375693913682266567e+00,-1.983743894193435234e-02,-1.138032805254380886e+00,7.119460284480830237e-02,5.463144991529006456e-01,-7.745780630206626771e-01,4.758790332529548861e-01,6.055080762077403866e-01,1.020256627921959147e+00,1.315677791334983082e+00,2.420170153030423710e-01,-5.156396470503235019e-01,1.711430151054416537e+00,8.192265625495790404e-01,1.968662703278675208e+00,4.628163370399181464e-01,1.220924344168565323e+00,-9.256416065691356818e-03,2.353318896642476732e-01,-7.508264607590430240e-01,4.584910388559128025e-01,-1.649369155607406823e+00,7.237947659993734240e-01,1.398340853495460223e+00,2.073216591154669886e-01,-5.825580531650975669e-01,3.921686525993716144e-01,4.080411995784778978e-01,-6.718162235477126432e-01,2.084597450603012270e+00,8.488589162036014324e-01,1.317773063772730069e+00,-7.210352600893925601e-01,-1.501009510256245960e+00,1.456821076208297150e+00,5.385043488987211191e-01,3.632575142233448462e-01,6.594941739572636186e-01,-3.867917654127382976e-01,1.631941001982075701e-01,5.635015524357975814e-01,-8.717143357885398514e-01,1.809766579799585579e-02,9.872332395399341376e-01,5.564246460503861069e-01,2.630549451683559248e-01,2.064776754007111026e-01,1.960250011519537316e-01,-4.210918548774735259e-01,-9.975441947810218535e-01,-3.172961751758051063e-01,4.596815263539950208e-02,-9.074225993430415915e-01,-6.594385420097718109e-01,1.588828703627798822e+00,-8.761939746607719792e-01,2.091223997472482221e+00,2.986971865363630130e+00,1.114949320137934130e+00,1.400053305522750424e+00,5.819787696941695065e-01,-3.053609246837470925e-01,2.689144833159270390e-03,-1.870672130175368986e-01,7.544160906305809045e-01,-2.413991492622584722e-01,1.076386567233996505e+00,-4.685797503399321551e-01,-2.895720969821267143e-01,2.797654773879705847e-01,3.824408273333256697e-03,1.151765758508441095e+00,-2.107129044279866803e-01,1.394065718430861134e+00,-7.261647394240490494e-02,-1.117851274040060794e+00,1.785312789976527093e+00,-9.082609520336053510e-01,5.656839912205940957e-01,-7.953591152838902500e-01,1.629940608351299058e+00,3.643210233285185118e-01,1.002711854500634603e+00,-2.596968986873373186e+00,6.295023711217616613e-01,2.035814391262587897e+00,-1.173075740353328317e-01,6.146351695214665734e-01,-1.585163963127330655e-01,-1.096134040981155744e+00,1.230608687138105700e-01,1.372442375574921991e+00,1.266417212550411842e+00,7.426429847617657121e-01,7.724573206798880376e-01,8.720457093138660465e-01,1.178280490281198439e-01,-8.999655102662597050e-01,1.183121528320523419e+00,-3.131849482520739358e-01,3.490475749644525449e-01,-2.156078982077291595e-01,-3.743782786354674097e-02,-1.740930442271734213e-01,-3.374465828449534910e-01,-3.448768021994312316e-01,-5.468172854617251444e-01,3.811433371979619511e-02,4.433709427052910934e-01,-4.445789041877473147e-01,1.215268104530402349e+00,3.535941306323935329e-01,-1.880753743138741663e-01,2.104253160756346386e+00,3.007403141436076899e-01,-3.476976905252678746e-02,1.707508673628974405e+00,5.149170203701388671e-01,-8.290225477654306063e-01,4.963682061953447189e-01,6.561353601198051111e-01,-3.314416800715053735e-01,-5.289646062875058563e-01,6.721419153483173536e-01,1.253457193729594854e+00,9.433736574569542843e-02,3.831788862516331828e-02,2.162532550724027003e-01,-4.605660232970834045e-01,-1.169161436312744051e+00,1.426083540361273161e-01,-5.094207505902988986e-01,-5.860222658679582475e-01,1.646661216032779262e-01,-4.859723283967725682e-01,6.019513506041629380e-01,-2.236927833692472500e+00,-7.396803436374018714e-01,1.029693164494479118e+00,1.387540387317461876e-01,-4.643638367839476033e-01,-5.169071161412865621e-03,-7.900133123867619789e-01,8.732945155285816163e-01,1.576012530372641329e+00,4.844127429866906809e-01,-5.266301035494452831e-01,9.474849923912895822e-01,5.735085180085361944e-01,1.826389368289017268e-01,-4.748740242489047358e-01,1.144541094959880434e+00,3.263600195348757560e-01,-1.202164556927833861e+00,-1.147132679844354297e-01,-3.808500623085692149e-01,-2.830072004183968870e-01,7.607357659755499546e-02,-1.218459865023795441e+00,-2.820756713373242519e-01,-7.849090651292169873e-01,5.641789071154847124e-02,7.483548114936320328e-01,-9.363611897530773609e-01,1.939741204868550728e+00,9.540669839381454853e-01,1.059694741548820263e+00,-1.438576953323667196e+00,3.310649508367257354e+00,1.524378613036658336e+00,1.010460661054112030e+00
5.365152278736824432e-01,6.798423136113667109e-01,-8.108633764735753147e-01,1.753016964450768989e-01,-7.459761785942953249e-01,-8.001339944024709050e-01,8.872383638236298609e-01,4.422777163811073553e-01,7.836707550891908181e-01,1.315341913342680691e+00,-1.074346796206611665e-01,-1.032310941307184704e+00,-4.524034583287115385e-01,5.788083442019418268e-01,8.602964280267224595e-01,6.888720524579856619e-01,4.857323998618578303e-02,6.107041391030497701e-01,2.391080078598102787e+00,6.402905750005259966e-01,-1.244362893220441579e+00,1.171393777297447203e+00,-3.656905013953731798e-01,5.534128655422100307e-01,-1.998289643623180345e-01,-3.045609355566912813e-01,1.427156206669703886e+00,-6.011110285599839849e-03,-1.090779519546977827e+00,7.329763266308317315e-02,5.398040281530844808e-01,-7.831306337260237616e-01,4.769383539819740392e-01,6.695180974957050113e-01,9.770713789499783086e-01,1.315120115480596930e+00,2.361387929010468623e-01,-5.440486614811550492e-01,1.676147615359338872e+00,8.203114568770706327e-01,1.994036422203073977e+00,4.304488456778822192e-01,1.232272164069464271e+00,-6.009816909698413590e-02,2.754775212235227033e-01,-6.957851862524269126e-01,4.816865777491337042e-01,-1.624735501552063255e+00,7.024524113403370906e-01,1.404668100852092927e+00,1.860608417276397308e-01,-6.294079827958610762e-01,3.841775459105513102e-01,4.154764013313010373e-01,-6.899552090106519930e-01,2.088234041475976799e+00,8.337305458203706499e-01,1.301456054004678675e+00,-7.160025580283363444e-01,-1.464899440249181062e+00,1.435528031200703492e+00,6.114148896619671092e-01,4.108990924435683145e-01,6.801521225655117187e-01,-4.143865377248414639e-01,1.464396171426843307e-01,5.742600679573860445e-01,-8.379396674334173012e-01,-7.939145392875927854e-03,9.877210011684666169e-01,4.862372953841250234e-01,2.399960715998498417e-01,1.654724540260317511e-01,2.120414542962211490e-01,-4.128656827968528731e-01,-9.578702259752380765e-01,-2.997930224081293837e-01,9.792892292856955616e-02,-8.551616664596483064e-01,-6.162984828425797090e-01,1.608444554382230107e+00,-8.914567042599913504e-01,2.073057376716735956e+00,3.008739149791475942e+00,1.135768489608792731e+00,1.463529978600477399e+00,5.871112050268659788e-01,-3.046695956337094335e-01,-2.688015685296984633e-02,-2.024446479789937248e-01,7.137410856460592035e-01,-2.570700586832479484e-01,1.083036062072816552e+00,-4.299998519678273068e-01,-2.669081205571276483e-01,2.352110383296907026e-01,9.310943368450494417e-03,1.174837857129073626e+00,-1.864509251256537270e-01,1.375509111761968883e+00,-9.418416530349413285e-02,-1.138129693707019774e+00,1.709349368634287325e+00,-8.944618962661545769e-01,5.615265330500248675e-01,-7.962771724045289989e-01,1.640153481585019835e+00,3.607203528784317381e-01,9.689257690848553928e-01,-2.483381507645588737e+00,5.970873479402448725e-01,2.038023211246827948e+00,-1.666389221817334843e-01,5.567644553194112111e-01,-1.331109579880084270e-01,-1.086100053578669788e+00,1.193004002279575010e-01,1.347672971917240003e+00,1.262909743770520121e+00,7.801903345961365144e-01,8.345662927171094703e-01,8.002861785870805100e-01,1.225754494430864733e-01,-8.713133294420323249e-01,1.187292137676023041e+00,-3.261519032357438896e-01,3.469451487065682294e-01,-2.016710375499577157e-01,4.330995436127290342e-03,-1.881508316637908185e-01,-3.788101481011834082e-01,-3.225212164836471218e-01,-6.387341713988496927e-01,7.763542511326056161e-02,3.647647722954481253e-01,-4.541147269325107039e-01,1.252389972442017552e+00,3.510427155297403679e-01,-2.365122055578373628e-01,2.108234459373587999e+00,3.042493570747374365e-01,4.005437472236838409e-02,1.690788166086602873e+00,5.435000044590515555e-01,-8.184465888354124363e-01,5.003318747935119326e-01,6.457104560502667789e-01,-3.209462518634277894e-01,-4.951506540517543464e-01,7.079752262604935842e-01,1.283368537769055129e+00,7.688822625466754102e-02,3.252166703942920706e-02,2.159177669149062173e-01,-4.599526396714495036e-01,-1.218479711891492290e+00,1.338049601625997953e-01,-5.048359956704527862e-01,-5.304742602566494547e-01,2.425651516722465706e-01,-5.047441217792189017e-01,6.324363703069514342e-01,-2.280081036293385655e+00,-6.870653176716958743e-01,9.955374935799851110e-01,1.365643232991455014e-01,-5.053322776778574887e-01,1.941246078206109241e-02,-7.794449619221509584e-01,8.500496577281511090e-01,1.553809392903696018e+00,4.671582429306726514e-01,-5.064147210789746723e-01,9.702431074418599311e-01,6.241497117353053126e-01,1.974773855481111728e-01,-5.336768982908096648e-01,1.153124303193562739e+00,3.553450749240275042e-01,-1.181265719778323620e+00,-9.989861857229051512e-02,-3.159968897597428827e-01,-3.347007044810637599e-01,1.275661138060707744e-01,-1.245868001812204584e+00,-3.312146481931393383e-01,-8.413053745098678649e-01,3.828015907439169530e-02,6.937125723419715895e-01,-9.150276326226665091e-01,1.936774829241976192e+00,9.535611819081087903e-01,1.055797725334909565e+00,-1.420700161871298217e+00,3.311079831101575888e+00,1.539947787915860511e+00,1.010608913976877909e+00
5.821804302609427939e-01,6.838272264199706241e-01,-8.450184774241836783e-01,2.353440917102875007e-01,-7.496531886099664366e-01,-8.289826695849487059e-01,8.264861997006399674e-01,4.429291507416412421e-01,7.772698004999858412e-01,1.379053115826415876e+00,-1.366011490590284261e-01,-9.838403648105873422e-01,-4.355205650516179028e-01,5.568223903688672705e-01,8.004002586860583524e-01,6.342808535848335483e-01,4.949759430840056790e-02,5.300671137166051983e-01,2.371186971116836073e+00,6.424266384648448236e-01,-1.264186556079178514e+00,1.150554092969803932e+00,-4.101695866150787406e-01,5.397561844947299514e-01,-2.163304560965188528e-01,-2.708259323771108895e-01,1.410237242464798202e+00,-1.248297789323142143e-01,-1.092648173720059512e+00,1.142258607464342463e-01,5.442506254496930485e-01,-7.528005516478795123e-01,4.941071426423205848e-01,6.039611942236472464e-01,9.919611533989041163e-01,1.326720280669313468e+00,2.182430212518911838e-01,-5.081256911194146353e-01,1.700128190250355553e+00,8.287733657146594268e-01,1.963333238973988149e+00,3.913961082258810009e-01,1.194977352718741503e+00,-2.196887542081461461e-02,2.760301901819673387e-01,-6.731960196487465353e-01,4.766900433772254253e-01,-1.560880495360505549e+00,7.225507474474328617e-01,1.401913772526407476e+00,1.820888538382957611e-01,-6.328107835337382081e-01,2.936754312747333340e-01,4.475142611772326418e-01,-7.423242736019888266e-01,2.075606922605285565e+00,8.529886433596449713e-01,1.313416905241454380e+00,-7.032361152693331618e-01,-1.400619808984793435e+00,1.462766330510809842e+00,5.975449480678393099e-01,3.670708330829095534e-01,6.683195028547367356e-01,-3.968578071944026120e-01,1.414981309757569750e-01,5.717971907848503621e-01,-8.752771576950608701e-01,-4.856548067399157897e-02,9.480810944748946367e-01,5.299203032781721889e-01,2.497794071482449807e-01,1.825867334489410243e-01,2.036224895707363647e-01,-4.253206808739364297e-01,-9.500247213175412320e-01,-3.333120191476084959e-01,4.811560340194770413e-02,-9.071598794145816491e-01,-6.351838440954312714e-01,1.621418919947499759e+00,-8.761724480709582874e-01,2.674537030032418716e+00,3.003912237860606460e+00,1.116471231065219616e+00,1.485724243153443203e+00,5.877464223679175204e-01,-2.779016631443613217e-01,4.160143571970024989e-03,-2.127631055043402164e-01,7.044997127968781747e-01,-2.152934938622066974e-01,1.093514810615243249e+00,-4.648583139948552767e-01,-2.939086905005465766e-01,2.924280717588948475e-01,7.776873143612095252e-02,-1.443553452470203169e-01,-2.120458267281406517e-01,1.400736153774933213e+00,-7.253980719785606268e-02,-1.165483764684552614e+00,1.764436424562899175e+00,-9.296769867114504926e-01,5.671114630030579251e-01,-7.874846209465155011e-01,1.626105667924799603e+00,3.194404546286072621e-01,9.645813985980442595e-01,-2.535582456861053213e+00,6.380696720045949677e-01,2.042416187369721303e+00,-1.471901413096640965e-01,5.377219433944946392e-01,-1.628801549020552353e-01,-1.095112287291479580e+00,9.591233051549892530e-02,1.365263932249372480e+00,1.223338097503371191e+00,7.801313119833969134e-01,7.709353275502642822e-01,8.016766153935048766e-01,8.037290816460436471e-02,-7.639375606696751086e-01,1.190371007936687375e+00,-3.663303759389516245e-01,3.781314227625701685e-01,-1.718306932215426797e-01,-2.050276081825793545e-02,-2.104791513832902361e-01,-3.117060792281618475e-01,-3.381514966130941824e-01,-6.605281352158035579e-01,3.348364794159403718e-02,4.634653621679999946e-01,-4.409088797047832076e-01,1.252170035387954572e+00,3.644061742087429945e-01,-2.177285635927229124e-01,2.121865408671387065e+00,2.928372453670344822e-01,7.293260331981686259e-03,1.708380853402397204e+00,5.485414481235439954e-01,-8.561886516880604647e-01,5.709707584540762992e-01,6.295941046000920194e-01,-3.584138121714484648e-01,-5.065678797504516995e-01,7.665057954336595980e-01,1.225900555889678278e+00,8.373696222485922658e-02,3.841994611883749015e-03,2.116834679296371591e-01,-4.469475981363529304e-01,-1.252339265110673727e+00,1.546730056897960837e-01,-4.213963389895453160e-01,-5.264104152697341998e-01,1.942059108630090347e-01,-4.872527811608513004e-01,6.252973293722904335e-01,-2.307121060368351184e+00,-7.402234231832034439e-01,1.033023987252969622e+00,1.261011366345446416e-01,1.382472006734346115e+00,-6.161669015108391101e-02,-7.887381778097053431e-01,8.963338674590233257e-01,1.554058168542862495e+00,4.928871341242737625e-01,-5.331327835074799459e-01,9.680534779745695317e-01,5.886791255704710846e-01,1.703794809842107683e-01,-5.318835185612217353e-01,1.153370486229617908e+00,3.322534449265067691e-01,-1.134774820913385440e+00,-7.092227717711817314e-02,-3.442639436029376054e-01,-3.535926043783614858e-01,1.030000685340792532e-01,-1.228204086819180141e+00,-2.947334576811185269e-01,-7.820495838461000160e-01,2.034684123023337843e-02,7.241322696587702001e-01,-8.756620228389472294e-01,1.936961985096645744e+00,1.007456665995920542e+00,1.031417508896005586e+00,-1.434077989318331969e+00,3.317627603831202698e+00,1.544248199797889409e+00,1.012879800674828079e+00
5.528755913764463736e-01,6.805989012962868623e-01,-8.330021956836234365e-01,2.353015803180216470e-01,-7.277195811514340917e-01,-7.991163382109893742e-01,8.385539702912050419e-01,3.259993184817406298e-01,7.451604507507152420e-01,1.352922596863200599e+00,-1.239414648191184548e-01,-1.029805915679460337e+00,-4.246714028619845149e-01,5.638114763974619859e-01,7.966266926795629866e-01,6.305270226669199563e-01,6.418633888903871321e-02,6.087675647058489181e-01,2.372089253183890634e+00,6.410154840676863808e-01,-1.285191775825678784e+00,1.132568165533487381e+00,-4.222482930360240694e-01,5.299719907918434281e-01,-2.166629387985821165e-01,-2.749158277568147790e-01,1.411027239682621115e+00,-2.233003853457247653e-02,-1.142691334779293744e+00,6.801406297575525450e-02,5.484980205262347530e-01,-7.681157851754569776e-01,5.338448762720165996e-01,6.099455213354381122e-01,1.022321603526515243e+00,1.305724441651150869e+00,2.361313202217991403e-01,-5.416144527543003129e-01,1.703977700414665675e+00,8.053187270010104815e-01,1.915820899501160079e+00,4.526153807866406531e-01,1.207290023738853302e+00,-1.810838613286351595e-02,2.864914093801460004e-01,-6.641884337880674671e-01,4.558126577592358508e-01,-1.569180108458026357e+00,7.311897871685760775e-01,1.395500303812054366e+00,2.798784539095333090e-01,-6.308356449046964576e-01,3.628215170037639714e-01,4.346191013427292971e-01,-7.597989982462919345e-01,2.069761166189412638e+00,8.272359547464727125e-01,1.325014370679292952e+00,-7.102519367974813314e-01,-1.406699862283843139e+00,1.441765267204651479e+00,5.415699062011318787e-01,4.199743032147640331e-01,6.663649884281988012e-01,-4.550480762032158011e-01,1.405022147142429012e-01,5.496473060086606299e-01,-8.761885014713379771e-01,-8.225511926103556276e-03,9.649672886143397799e-01,5.296095518413448389e-01,2.302534735427871626e-01,2.125168022566975290e-01,2.028095160940479869e-01,-4.132620516433239133e-01,-1.023116155780472880e+00,-3.255539864962849750e-01,7.810229168064368455e-02,-9.060542752693174773e-01,-6.492510355337397510e-01,1.637386155735478743e+00,-8.653826195482472450e-01,2.090953208575001554e+00,2.998231869801149418e+00,1.122212901948914210e+00,1.398863757158597121e+00,6.038821914583526462e-01,-3.024814377744697302e-01,-3.490131057749226457e-03,-2.226207961822095904e-01,7.381936915102665919e-01,-2.447237994383644755e-01,1.094242890656704770e+00,-4.291194208760769624e-01,-3.131657149303777032e-01,2.822988653973723672e-01,1.951192702362951337e-02,1.153113409813761647e+00,-2.032583827242618324e-01,1.360669066708685815e+00,-9.748598375377749703e-02,-1.116341091985282752e+00,1.756862178368159944e+00,-9.401298122342690577e-01,5.875249823218083867e-01,-8.172558296770725539e-01,1.645279149250906237e+00,3.508029105794077673e-01,9.935161130622829351e-01,-2.611915135875420013e+00,6.196082313748564330e-01,2.041892060709154411e+00,-1.168998427948782781e-01,5.328214143442036033e-01,-2.025679258030057828e-01,-1.091494401734272035e+00,1.107601423487541842e-01,1.319287262580646880e+00,1.258788112034756379e+00,7.958911431635118383e-01,7.589834901778208520e-01,8.765460991062309359e-01,9.185239543288664654e-02,-8.962147436512222232e-01,1.183973847948904812e+00,-3.191436598992085649e-01,3.244435964736490652e-01,-1.885570082975902562e-01,-3.051861007287840280e-02,-1.856222067538256526e-01,-3.406848544327140127e-01,-3.306264366506487806e-01,-5.457208592065729835e-01,3.329466702018364643e-02,3.824149491593884509e-01,-4.415229766137513390e-01,1.220255260611150305e+00,3.393153813322147272e-01,-1.879921524788567555e-01,2.104386868405766275e+00,3.297910617867088612e-01,-2.670758778033006237e-02,1.718767983809837974e+00,5.317377216918318661e-01,-8.272365753241081032e-01,5.934495149988057161e-01,6.589370856934998466e-01,-3.248893818773656572e-01,-5.345187538757524282e-01,6.757520659113654959e-01,1.241724850958278781e+00,9.895953465120149728e-02,5.723802820644297712e-02,2.189260174187896979e-01,-4.130187022489914539e-01,-1.183630963999620089e+00,1.494863561993570733e-01,-4.974229714599248675e-01,-5.803253013924029036e-01,1.838663558259891750e-01,-4.883415544303020273e-01,6.147444902434544556e-01,-2.304250431831269541e+00,-7.433018634271222336e-01,1.020405344614037979e+00,1.441281281001220438e-01,-4.619355722597756064e-01,-4.692776438521113064e-02,-8.120351300529338179e-01,8.903926734205580562e-01,1.562615346023869867e+00,4.974585835529413136e-01,-5.182774230045175123e-01,9.450472349519494220e-01,5.821206030968393286e-01,1.831962285449882100e-01,-4.441231128389235838e-01,1.152282245349185219e+00,3.479868335641918553e-01,-1.209950115959364414e+00,-1.122558634426626123e-01,-3.476455104788354067e-01,-2.729138558385310609e-01,1.091683304295762991e-01,-1.237615272517734066e+00,-2.884508406199049468e-01,-7.755173507481006867e-01,3.866484377661675437e-02,7.461417702524163476e-01,-9.355485393988001164e-01,1.910779007703851340e+00,9.997172991266694009e-01,1.048714194572528458e+00,-1.412084196965570415e+00,3.367007958359065967e+00,1.542545575791517409e+00,1.061194697906326700e+00
5.716590366441244297e-01,6.918327584226634519e-01,-8.537460515150721019e-01,2.246973197811346357e-01,-7.409260883699764211e-01,-7.973501593828077327e-01,8.541976343929341686e-01,3.425781592042498325e-01,7.548706794670984044e-01,1.316896117484093409e+00,-1.046372654328421026e-01,-9.952331461066602492e-01,-4.254842846898311826e-01,5.658347402571156648e-01,8.563116252532237960e-01,6.383001042541293080e-01,5.682323248202116039e-02,5.226114196482742891e-01,2.366539764909912247e+00,6.520129355813397698e-01,-1.293705667636052103e+00,1.129561783900970173e+00,-4.067346668411223054e-01,5.403277002988541300e-01,-1.962320657622421693e-01,-2.639764096269855420e-01,1.414417664231345295e+00,1.353311292026369936e-03,-1.148489116461351989e+00,7.659488956954034478e-02,5.432041209383835501e-01,-7.706524831249842444e-01,5.209192246657885494e-01,6.203667329662113650e-01,1.029505106509549739e+00,1.333146984652785472e+00,2.404420884475426123e-01,-5.250323812921420252e-01,1.692658444017656416e+00,8.091889714737883210e-01,1.933559390236901487e+00,4.463321682504330368e-01,1.209160089512218983e+00,-3.348634528297103619e-02,2.927872237851384951e-01,-6.879310622566463529e-01,4.730700538726017590e-01,-1.653020885336485390e+00,7.273948085489431170e-01,1.379583016277179830e+00,2.365447124669722012e-01,-6.165939615603910351e-01,3.584278227231715297e-01,4.457699794486393863e-01,-6.934420268219700922e-01,2.085656757454641852e+00,8.451090575513580117e-01,1.310482999591298992e+00,-7.213051596961027601e-01,-1.499280680873312122e+00,1.448771026633239867e+00,5.644641311660606453e-01,4.290226305740751367e-01,6.685628319524802299e-01,-3.813395482723148100e-01,1.589294245989766874e-01,4.312203961137697772e-01,-8.351515614463530524e-01,1.529298204278662678e-02,9.900547433923707619e-01,5.639157739145459480e-01,2.597799283792255332e-01,1.834051124737055560e-01,1.921763800434405922e-01,-4.162412796774540014e-01,-9.043672519602578008e-01,-3.048957849375403817e-01,8.092143060435874613e-02,-8.509558662202905133e-01,-6.569226965103008853e-01,1.588898514911957216e+00,-8.554368542729763325e-01,2.095206976709675928e+00,2.998994067115965390e+00,1.103805998317565873e+00,1.418168771936263228e+00,6.048120260345688504e-01,-3.176620387933754008e-01,-5.052702356823229879e-03,-2.094220611833894907e-01,7.479427757798418064e-01,-2.527825299621653810e-01,1.075586310038559423e+00,-4.507754825596314019e-01,-3.037151371231596175e-01,2.121933198455938641e-01,2.537334709473876640e-02,1.191458191588777638e+00,-1.739098692677940872e-01,1.401412433163378157e+00,-1.291421231499416955e-01,-1.122470381608003498e+00,1.699153797839950020e+00,-9.235827998741924505e-01,5.569817780357249060e-01,-7.966894836728903861e-01,1.637212234664722432e+00,3.328790222103745755e-01,1.003148843896391140e+00,-2.626119872686971668e+00,6.194588387003855390e-01,2.050900899221434148e+00,-1.562972246605900950e-01,6.198372185524173572e-01,-1.545604230650802491e-01,-1.089200889596249500e+00,1.279172101397242356e-01,1.363374108019196562e+00,1.264230249986286303e+00,7.363228068448691710e-01,8.250701426890174606e-01,8.715542144568021454e-01,9.930424663908392346e-02,-8.992325040831574690e-01,1.188292483647255482e+00,-3.143146961359369329e-01,3.582490274174547906e-01,-1.835678084015496259e-01,-8.487442273874749865e-02,-1.943487266733577579e-01,-3.411681984134886103e-01,-3.372524705172721959e-01,-5.466071789917007484e-01,4.061113412909653220e-02,3.636343096683100629e-01,-4.529690623043753916e-01,1.222906039767714059e+00,3.595430625383848056e-01,-1.847465365965793305e-01,2.128858224899297102e+00,3.145385972132595520e-01,3.667973258671707038e-02,1.773767977183133171e+00,5.707334023043294513e-01,-8.211079744422818960e-01,5.139584209823702121e-01,6.092027227077567719e-01,-3.237501108522741200e-01,-5.434359162916204689e-01,6.689186523366535964e-01,1.257347177820443251e+00,8.080958718851689870e-02,6.006202303678222221e-02,2.099211601458883247e-01,-4.590607544429645692e-01,-1.208368160100184108e+00,1.678186296779617948e-01,-4.744130800214063637e-01,-5.920935760513320600e-01,2.370313606862671785e-01,-4.878360125329725405e-01,6.201045116052378292e-01,-2.241479334547508806e+00,-7.229705757897941787e-01,1.032930729780368040e+00,1.482697970445515379e-01,-4.616902272100582016e-01,-2.623731034729987963e-02,-7.793604445645654355e-01,8.705430223122286870e-01,1.556359787441764730e+00,4.913563251668091603e-01,-5.210950261746992718e-01,1.001494354807289433e+00,5.835738357754778338e-01,1.815111593307329740e-01,-4.624673872053881585e-01,1.160026297771054260e+00,3.580081829988084330e-01,-1.210662192433045625e+00,-1.150383454271995814e-01,-3.422398564138058319e-01,-2.942057057723879709e-01,7.510326093890924704e-02,-1.241831888911119952e+00,-2.787334420255950795e-01,-7.687786636103977056e-01,2.643914421423913808e-02,7.387374975018952128e-01,-9.761374328365329811e-01,1.907887592175472546e+00,1.005760126921072750e+00,1.063237133896562492e+00,-1.411095112626561399e+00,3.369354754305907917e+00,1.541088575517784109e+00,1.070383523699546702e+00
5.364957935433174452e-01,6.691792129577553983e-01,-8.290382828190288045e-01,1.975592930739585584e-01,-7.694145566933414671e-01,-7.883286800789193194e-01,8.791626600693285276e-01,3.415317829056350729e-01,6.740182133491443572e-01,1.318778877157077645e+00,-1.187014976255938714e-01,-1.013698900201347675e+00,-4.644433192610690764e-01,5.658365915889289610e-01,7.947859321807306809e-01,6.346415907588278671e-01,4.622911614343257897e-02,5.313100611182194344e-01,2.410098822934805263e+00,6.446627951266951095e-01,-1.173871087921192213e+00,1.160383434697612959e+00,-4.254075449339650428e-01,5.603735098433028083e-01,-1.922317073388049580e-01,-3.498019898484615586e-01,1.415626058159196621e+00,-9.694306220752793579e-02,-1.095199554076113913e+00,8.672994628311428422e-02,5.626021468121849001e-01,-7.633184634189826845e-01,4.846086011167211605e-01,5.921588963812062234e-01,1.027690035952081082e+00,1.316435280172027600e+00,2.400942979587671888e-01,-5.110980772715485454e-01,1.633665251508507943e+00,8.221566786547931383e-01,1.971135571071599646e+00,4.446539849779875819e-01,1.217072741738550956e+00,-4.140551571338736692e-02,2.369863840847696856e-01,-6.648697172222445273e-01,4.408888038790990116e-01,-1.677210930597056615e+00,7.501134983240209664e-01,1.439487388250962452e+00,1.795211841624954063e-01,-5.729740693170525256e-01,3.426726716644732385e-01,4.293270543348409740e-01,-7.671085068686234187e-01,2.100431853038925212e+00,8.430792917046127100e-01,1.303679878907911815e+00,-7.084730522552715737e-01,-1.453805700487245778e+00,1.444125930307351924e+00,5.764121576077265718e-01,4.111362488714701557e-01,6.824677914327945683e-01,-3.911239193105569556e-01,1.666681056826699037e-01,5.691210822620130783e-01,-8.641653027633448003e-01,-3.942975170630594328e-03,9.524836499994637773e-01,5.645993670900031347e-01,2.353473759735636439e-01,1.886970500430741882e-01,2.180625200153082366e-01,-4.298255050311747816e-01,-9.544888489715799285e-01,-3.539688784871934946e-01,1.306477326067977396e-01,-8.585460366727238890e-01,-6.566195262371454788e-01,1.631308878266311213e+00,-8.437501463468269902e-01,2.689161802453838401e+00,3.011289662094189357e+00,1.192176038950876649e+00,1.463195864700046700e+00,6.342602062005554542e-01,-2.966924812410093315e-01,-2.549707452609462077e-02,-1.796069936369485975e-01,7.176688337782995974e-01,-2.441791015102761642e-01,1.074530851237258222e+00,-4.782560078608639187e-01,-2.995935635043782685e-01,2.189504697018337942e-01,2.703365892500957102e-02,1.182261842351315817e+00,-1.959943810780257201e-01,1.359610783356268948e+00,-8.512120330767394827e-02,-1.152109648259582064e+00,1.749881874524156444e+00,-9.291435216091562532e-01,5.939783642765533722e-01,-8.241988454639467276e-01,1.598677145834143776e+00,3.286243756260954219e-01,9.906516794197858244e-01,-2.607174074436716005e+00,6.337849112677735874e-01,2.040794558544586579e+00,-9.210906058158480070e-02,5.553054139480343432e-01,-1.676040177472619130e-01,-1.082934736963866440e+00,6.153750478373578442e-02,1.364956582967764565e+00,1.294490471345231208e+00,7.482909862139160984e-01,8.359221416398110449e-01,8.729509831655896113e-01,1.215265024379443004e-01,-8.776640600730434283e-01,1.172749382647346517e+00,-3.466747528042771753e-01,4.011495297526730952e-01,-1.809080571018589767e-01,-1.321074068680750876e-02,-1.992532076120445139e-01,-3.276971479372869367e-01,-3.647997300194242842e-01,-5.663613551827777481e-01,2.990091517023491310e-02,3.793064622633353644e-01,-4.719995028997011621e-01,1.244400018428882815e+00,3.947532497427982401e-01,-2.086475287380664956e-01,2.087039847811922311e+00,3.307082972158209566e-01,2.991127985629008293e-02,1.669925978573536529e+00,6.119662099769594965e-01,-8.276127968568994797e-01,5.220683890194207644e-01,6.379406626604048336e-01,-3.342355999835032732e-01,-4.771084901155101532e-01,7.228855102672460120e-01,1.283199890208962080e+00,8.147255886590239193e-02,8.168252858152597051e-02,2.301857694914803687e-01,-4.648969333312603647e-01,-1.160276750438355320e+00,9.039948725566598897e-02,-5.052985587464541295e-01,-5.261437670103069619e-01,2.011381031455272139e-01,-4.925093983065269021e-01,6.317129817338931197e-01,-2.273859095285482468e+00,-7.027644243016544223e-01,1.037607126739715557e+00,7.148480528949280322e-02,1.385910674404407406e+00,-2.544077248639423430e-02,-7.469187577051769056e-01,8.148894848947831893e-01,1.564335186537526123e+00,4.994969364693918057e-01,-5.441461074610166593e-01,9.581889348735583845e-01,5.367463241495635806e-01,1.637823839847486751e-01,-4.573546201045898818e-01,1.139466769155273562e+00,3.411314502294573447e-01,-1.204980218244247059e+00,-1.067415619761182127e-01,-3.647370491748908594e-01,-3.080252193826725216e-01,6.842565527997372665e-02,-1.196801763731247581e+00,-3.217660416077377517e-01,-7.903708076475050026e-01,2.944987869504234884e-02,6.972209097382169318e-01,-9.446633972301987647e-01,1.935923264310376091e+00,9.907085977730034632e-01,1.067612999620941583e+00,-1.429635840414119619e+00,3.375365586537999008e+00,1.546852447702905531e+00,1.129667473283604950e+00
5.481284092622630277e-01,7.160274822965204677e-01,-8.103100081771662522e-01,1.714361146412344550e-01,-6.856461046300238449e-01,-7.895171951157742285e-01,8.530259993418009001e-01,3.523092523032066992e-01,7.873488048619254887e-01,1.372673590627896845e+00,-1.182681483455074456e-01,-9.526381512685155872e-01,-4.632920277549538723e-01,5.838532933427903471e-01,8.613055623945393702e-01,6.515792841131786695e-01,6.382077989531978468e-02,6.120234930977405119e-01,2.364122258794391307e+00,6.244686441602987914e-01,-1.261700601142556000e+00,1.131927669571143547e+00,-4.414724519751258569e-01,5.231173770316246419e-01,-1.947255962898831738e-01,-4.095626764224221672e-01,1.370412495471629466e+00,-1.128296164172143401e-01,-1.136192229266882459e+00,8.966166555199099608e-02,5.571199382941884881e-01,-7.763359417649688954e-01,4.844774687361803056e-01,6.129022261323998633e-01,1.032633355387322815e+00,1.310541363004232407e+00,2.381674602333842539e-01,-5.306601687002536760e-01,1.672263271033874288e+00,8.065719499730735764e-01,1.949802361508490067e+00,4.686590967505613881e-01,1.191928718786008368e+00,-2.109295793988798934e-02,2.431572586766030386e-01,-7.555672831215370921e-01,4.808380076344236920e-01,-1.676982790242540045e+00,6.144853943285319975e-01,1.380497800829687538e+00,2.914611275230433174e-01,-6.158485049998534411e-01,3.712263113830573946e-01,4.225808265584984902e-01,-6.850949648722521879e-01,2.105861347765183744e+00,8.522470366100932671e-01,1.312493355804159378e+00,-7.107306961845819560e-01,-1.434389206909439496e+00,1.454418154377242978e+00,5.627081990639302145e-01,3.759488675286317139e-01,6.592383859454016282e-01,-3.904005728815396203e-01,1.931603052664383757e-01,5.581636676249784879e-01,-8.375972135232678806e-01,4.368023343831305833e-04,9.791319148486722357e-01,5.484542695568203063e-01,2.175643384829108462e-01,1.995477555532112757e-01,2.073047042262680384e-01,-4.098267211551093747e-01,-9.035424421487774360e-01,-3.183868036970202153e-01,5.470653585752582870e-02,-9.004544509419249998e-01,-6.507731745412168589e-01,1.598640492959074066e+00,-8.575411356351259062e-01,2.685249548237099937e+00,2.994295086159681762e+00,1.111361205719739287e+00,1.396030753506248834e+00,5.841129119457294516e-01,-2.829956916267374889e-01,-2.611065951311552016e-02,-2.105627299781108186e-01,7.146992415698000256e-01,-1.940486850422783460e-01,1.078581369608335283e+00,-4.606132576923911426e-01,-3.142100193860973834e-01,2.818214170014431419e-01,1.714444645615737645e-02,1.153881978504781358e+00,-2.449536817004085709e-01,1.405253489903333985e+00,-1.166024929403561144e-01,-1.121493197089781013e+00,1.751858247653250045e+00,-9.370831790489100310e-01,5.554991591691309516e-01,-7.992253631097788746e-01,1.635136132951147125e+00,3.535340269921307121e-01,1.017133496040296903e+00,-2.606157869741728472e+00,6.040458131565299427e-01,2.035752371787294290e+00,-1.403443681118577979e-01,6.105651815228437806e-01,-1.386805291594445932e-01,-1.115745634938260622e+00,9.241184853992791270e-02,1.328061173876593282e+00,1.254801777957675224e+00,7.784262791046941965e-01,8.320899155669946312e-01,8.989383523921375962e-01,1.145107197649069680e-01,-7.711968500727681697e-01,1.190780095587734344e+00,-3.065946495624211621e-01,2.950116029471624435e-01,-2.110935231803412193e-01,-3.135828015828871079e-02,-1.807793587614357489e-01,-3.418583579939663553e-01,-3.430329600622475938e-01,-5.545411236336603711e-01,5.345685299774415727e-02,4.383809984029056195e-01,-4.432361765229708150e-01,1.266776696696269244e+00,3.441570411253985218e-01,-1.890660594279841289e-01,2.117105172015696368e+00,3.421073726477716903e-01,-4.242866833004828309e-02,1.690669072485574187e+00,5.352636354822097875e-01,-8.362513867664337353e-01,5.093387288784455569e-01,6.765910952114508881e-01,-3.475860472279535540e-01,-4.521744627848223175e-01,6.938444847084184186e-01,1.282085118150762204e+00,8.225749443822709395e-02,4.590786716575499804e-02,2.152035929919685620e-01,-4.331350741018002437e-01,-1.217212358859811827e+00,1.346732408149550753e-01,-4.559135423000450493e-01,-5.306243996620306769e-01,2.095741280666222894e-01,-4.872192332299623008e-01,6.101916382938420425e-01,-2.211662302185257722e+00,-7.043184036393316250e-01,1.001501415251676574e+00,1.302782861006034354e-01,1.371294639937335136e+00,-2.629750986159282503e-02,-7.512007197105973200e-01,8.770146238832516872e-01,1.565108279212865883e+00,5.024239823573588559e-01,-5.239944378644676437e-01,9.268976248806968243e-01,5.925050662070879826e-01,1.821465372461995580e-01,-4.437359300822032449e-01,1.158368855077920756e+00,3.340576376604884601e-01,-1.109104473405298164e+00,-7.490697044157765272e-02,-3.569048509915266343e-01,-3.222612045724890240e-01,5.869644046581454222e-02,-1.237817737298401832e+00,-2.896731386904405348e-01,-7.795387847513712831e-01,6.956843784415152332e-02,7.125241823818734277e-01,-9.182873597869950499e-01,1.934623453873036913e+00,1.000806024412033812e+00,1.041832184978094489e+00,-1.411011867032662792e+00,3.335175394708503216e+00,1.525275862779901903e+00,1.133987064438775949e+00
5.556905292353386816e-01,6.728000927420592081e-01,-8.187258961124089796e-01,2.166425252240257171e-01,5.880367650086827380e-01,-7.901760981104936077e-01,8.515153826289844075e-01,4.579582873800729370e-01,7.392937483488154493e-01,1.368585808562984285e+00,-1.244873011408594993e-01,-1.001444526011392444e+00,-4.292731529796183776e-01,5.602883180242815842e-01,8.762164721337093454e-01,6.425564239322868465e-01,3.647625473880466984e-02,6.078186546018814473e-01,2.388443864187212107e+00,6.162180262547971576e-01,-1.291968378401763262e+00,1.148513068063894194e+00,-3.976297121057366102e-01,5.482830849434290332e-01,-1.984175510806110154e-01,-2.689648868684625382e-01,1.402502640942951295e+00,-8.166556536754639162e-02,-1.139463498476180892e+00,1.198185759898846015e-01,5.584654452219818266e-01,-7.547341123779206518e-01,5.363478779787088646e-01,6.186883152991433654e-01,1.027599935030924838e+00,1.319619968729774051e+00,2.166517037539500978e-01,-5.244560144035351756e-01,1.697722128788096585e+00,8.269705301707339640e-01,1.942108363230856671e+00,4.529673288828068300e-01,1.196583860819932621e+00,-5.087665225508562761e-02,2.464355328514105659e-01,-6.690960083455420593e-01,4.953609671802081671e-01,-1.655990868741284539e+00,7.088551128293684167e-01,1.396761468972345099e+00,2.098528696757268330e-01,-6.181509475194943981e-01,3.704938509290752746e-01,4.418862036725516584e-01,-7.445058717112797986e-01,2.102574455720417124e+00,8.569520240176818904e-01,1.304987548244068041e+00,-7.214131874191074267e-01,-1.412794179874911960e+00,1.474885701649519598e+00,5.600592607603170903e-01,3.994816941001946842e-01,6.899243998392977639e-01,-3.961307768003575203e-01,1.649957840822147692e-01,6.123639537489575790e-01,-8.687825010366641010e-01,1.664101200526552776e-02,9.565617165231943275e-01,5.401268533756526935e-01,2.994237272546472761e-01,2.078767561927407637e-01,2.295148223528781506e-01,-4.300665231243493425e-01,-9.551951642573612844e-01,-3.543191607169676738e-01,5.407235460839768942e-02,-9.116320631163087329e-01,-6.274912980873796897e-01,1.583001983825034653e+00,-8.425703937822099920e-01,2.080737716872807397e+00,2.999678795433879053e+00,1.116930678913403918e+00,1.462163955700395590e+00,6.397065167241565709e-01,-2.767252084469870588e-01,2.495736063037027989e-03,-2.476234772124239758e-01,7.419544241622743064e-01,-2.547813362894982836e-01,1.085297903595944247e+00,-5.062302652777684875e-01,-3.032042433461319408e-01,2.815049418283397387e-01,1.385460782067945290e-02,-1.340312567238363950e-01,-2.121479863041121905e-01,1.365533357910940770e+00,-1.053926598944506660e-01,-1.108134583466220624e+00,1.756563240841682250e+00,-9.500840862328604475e-01,5.845794163855733139e-01,-7.897683641743326044e-01,1.618644224357863370e+00,3.041612946353774438e-01,1.004600713193984696e+00,-2.658855419965582279e+00,6.153694118530044221e-01,2.024137704261925741e+00,-1.680138124598749005e-01,5.881549544655035877e-01,-1.929717304832944125e-01,-1.091291666428944485e+00,1.082432973454945241e-01,1.386144160645822021e+00,1.256499056360787847e+00,7.444318609982968349e-01,8.331982305706755465e-01,8.728887147644038835e-01,1.169563287722313050e-01,-8.011631352602931466e-01,1.209691778001751317e+00,-3.033727749276374230e-01,3.519334064427113162e-01,-2.376284034903729248e-01,-2.834779136538926811e-02,-1.703846984675593812e-01,-3.739402415733351637e-01,-3.329391877932033061e-01,-5.385051482180305271e-01,6.273248648388543569e-02,4.449787367410295014e-01,-4.562646748531564711e-01,1.255942644142266085e+00,3.788298359131347381e-01,-1.998455014292898624e-01,2.087547185621497992e+00,3.075454973796147851e-01,3.749921475597835230e-02,1.766046820957394958e+00,5.294005351477153454e-01,-7.941412692775965398e-01,5.213312152999763915e-01,6.665825812828023444e-01,-3.621059499801050352e-01,-5.383160495581529315e-01,7.781486455936004187e-01,1.289645283495693517e+00,9.012145612075452006e-02,-8.678828564948190202e-03,2.232440056936626505e-01,-4.701105528658807708e-01,-1.226907892177942161e+00,9.706725106243935253e-02,-4.987003474660801627e-01,-4.979844864567770646e-01,2.563405675099618697e-01,-4.151919763608979408e-01,6.182436309465647595e-01,-2.306110464214156774e+00,-7.170215261169973209e-01,1.025620446045198531e+00,6.022317986851372790e-02,1.353546230349881530e+00,-2.388891186807336545e-02,-7.505769290813920636e-01,8.031633948518676069e-01,1.566627995141084195e+00,5.608692056063804277e-01,-5.266404318350784708e-01,9.837667606779302298e-01,6.215008345880591589e-01,1.565112731221434406e-01,-5.238017297053814136e-01,1.134214501426835664e+00,3.316685381348122297e-01,-1.130592557248713215e+00,-7.983872856711203558e-02,-3.375938803376794528e-01,-2.933951507571968542e-01,8.747770552569907043e-02,-1.223303212514558647e+00,-2.785094554830077063e-01,-7.971211641193656217e-01,1.892781630125055931e-02,7.579826508397615736e-01,-9.100439332192725717e-01,1.916793329443944094e+00,9.989074646780661260e-01,1.088176668400358205e+00,-1.428390127045282787e+00,3.358415673710007265e+00,1.527875039979185612e+00,1.134276517756924285e+00
5.481011701626815613e-01,7.222225616581227081e-01,-8.148881162935657230e-01,1.981653547935533499e-01,-6.794851789756550797e-01,-7.968729372904640451e-01,8.503707949614932593e-01,3.247919916289116471e-01,7.910284402155968175e-01,1.370931623374691544e+00,-9.688655220538082424e-02,-9.675764543732026102e-01,-4.296790865653382085e-01,5.707683808284617077e-01,8.577338513447732016e-01,6.668467967857160117e-01,4.546347074602142407e-02,6.101698922660375723e-01,2.322777376422878515e+00,6.378843536956905202e-01,-1.272551363823619441e+00,1.125605221196802175e+00,-4.396186842965661423e-01,5.272017763231986454e-01,-2.179739464054894216e-01,-3.801036669195337336e-01,1.374527066753511884e+00,-1.184291053916767811e-01,-1.140319117781472213e+00,9.162067822670885708e-02,5.357850946982962714e-01,-7.893127324861509697e-01,4.875367059093442257e-01,6.208156717262922619e-01,1.029150204601102070e+00,1.311261365557282899e+00,2.053912889521850305e-01,-5.184218988370107306e-01,1.711280336637422961e+00,7.870241967936868477e-01,1.967275469846048841e+00,4.595936570036783242e-01,1.189817279342455514e+00,-4.741137355108610008e-02,2.298182046189977124e-01,-7.452836106254016046e-01,4.845301924696372442e-01,-1.687614205126814815e+00,6.277761637885498347e-01,1.415086278041321366e+00,2.149232590817556354e-01,-6.144084720169745717e-01,3.931720121043320026e-01,4.194787317780325764e-01,-6.703899588915909202e-01,2.108545182580069621e+00,8.544844138389541266e-01,1.300364666448577289e+00,-7.029980614124681226e-01,-1.412678190054591498e+00,1.447819121025606837e+00,5.590473661847874531e-01,3.646540583462867247e-01,6.576856111273363670e-01,-3.804752036606750543e-01,1.588228868193786447e-01,4.344211608266146385e-01,-8.608590704954518502e-01,3.394068036649735415e-02,9.984890123149801067e-01,5.306121241116615872e-01,2.232711993857922073e-01,2.044529382598553047e-01,2.049809384837728565e-01,-4.269730102859616849e-01,-9.158360156371058158e-01,-3.448893614438020006e-01,4.966359136540413749e-02,-8.946489415167806492e-01,-6.519185163305094566e-01,1.606984883224489069e+00,-8.693405942453885649e-01,2.095817588103922269e+00,2.988738091135629826e+00,1.138676585458838098e+00,1.435776368463948183e+00,5.910751422062539007e-01,-2.838108655131493241e-01,5.715199634983020825e-03,-2.227085208313920039e-01,7.418317363854193269e-01,-1.926464670023718129e-01,1.087415787974460368e+00,-4.748107470173805189e-01,-3.211414875509683298e-01,2.031130156330052394e-01,2.424922722520012411e-02,1.166267279392336542e+00,-2.115818356154697544e-01,1.359380705087158026e+00,-1.072077323607020793e-01,-1.120774648823116282e+00,1.779933135277545819e+00,-9.265920056554959316e-01,5.572336608943140313e-01,-7.796993422114163463e-01,1.632413810060632020e+00,3.449638948103385672e-01,9.807592781929974635e-01,-2.610444035630163029e+00,6.189727344444807544e-01,2.035622972057875124e+00,-1.459152651438788140e-01,6.192810698136125280e-01,-1.428656310747067615e-01,-1.089953451017397379e+00,1.065174135174670883e-01,1.371372118877290713e+00,1.247756898559426952e+00,7.842453834999835172e-01,7.713761383228779911e-01,8.194503242291795164e-01,1.077326529899899077e-01,-7.732179995224742752e-01,1.194010598847845994e+00,-3.205077856499613520e-01,2.958988013913220749e-01,-2.045697843462198351e-01,-3.332554493793851019e-02,-1.731821459691166853e-01,-3.360281849894187212e-01,-3.491751443944622890e-01,-6.214457098521395384e-01,6.755371292875811395e-02,4.510881713045631902e-01,-4.533774569055601944e-01,1.257991933465337109e+00,3.467460789754901462e-01,-1.902165079821972471e-01,2.129783082718430975e+00,3.130599435945497500e-01,-3.344791454087209237e-02,1.720077763717762442e+00,5.689888993063424438e-01,-8.332644614101540892e-01,5.889113327342062609e-01,6.811772200563881441e-01,-4.512326984623169501e-01,-5.453198567040983269e-01,7.074688178701541430e-01,1.277841998324719341e+00,8.324590943368009865e-02,7.893727381931263387e-02,1.933267590001448988e-01,-4.267959779390803621e-01,-1.173313165947606374e+00,1.402088008094375671e-01,-4.862903095357338779e-01,-4.956529189004014180e-01,1.640824420338739265e-01,-4.386157001643433140e-01,6.089504829244469786e-01,-2.215132415935003873e+00,-7.450413674565613542e-01,1.033975628421598847e+00,1.264081036261864022e-01,1.384643202915396110e+00,-4.529162691360651832e-02,-8.001594724339121667e-01,8.328987568004802000e-01,1.580748000054385427e+00,4.870604698305542879e-01,-5.244006681511199641e-01,9.908050196863692483e-01,5.598044859517289362e-01,1.683766247180106534e-01,-5.205098101856101556e-01,1.137400820530531043e+00,3.308169139774249645e-01,-1.195147314992322407e+00,-6.603427815358499375e-02,-3.780151952210581423e-01,-3.146308840510071425e-01,1.146797449410485586e-01,-1.158911984128399242e+00,-2.810015904696576694e-01,-7.918452182616598778e-01,6.813817922590668930e-02,7.186685729856072680e-01,-9.133948576613197812e-01,1.940932150354384822e+00,1.003368643957039508e+00,1.061987202335749725e+00,-1.409959518315870852e+00,3.374123247930979286e+00,1.530488068293766490e+00,1.134904972915626198e+00
5.438142365572408155e-01,7.146992233868056932e-01,-8.232204286261711745e-01,1.993618923250819464e-01,-6.906090428465825326e-01,-7.933513619270762263e-01,8.692023872005472107e-01,3.385868507840011921e-01,7.947520005673538446e-01,1.377620120036036067e+00,-1.026822208387500185e-01,-9.591088032397176999e-01,-4.692919964940740485e-01,5.647491693601790486e-01,8.012164032571740258e-01,6.255650694916132792e-01,5.649577419712598081e-02,6.121828946999017251e-01,2.410298747214952186e+00,6.307403118669202557e-01,-1.218740627926002906e+00,1.138458939642712275e+00,-4.387484493807696229e-01,5.451426649386537093e-01,-1.844123527494363479e-01,-3.762953312287129481e-01,1.369345903425000621e+00,-1.141023150309972145e-01,-1.128487131443240310e+00,8.492589394606127329e-02,5.450321921702941941e-01,-7.620719573052674445e-01,5.115361117650958356e-01,6.149598701814378288e-01,1.031772496108488202e+00,1.337567720590688625e+00,2.233065680723636814e-01,-5.195850352182762588e-01,1.679304332440667791e+00,8.196891653076329165e-01,1.967687926602659454e+00,4.624728958848171589e-01,1.203984034625571020e+00,-3.219268790162777005e-02,2.444122195203265180e-01,-7.590462834170946804e-01,4.649948139522661616e-01,-1.677186027737016527e+00,7.472672937584162733e-01,1.401915732901065859e+00,2.423336694775151123e-01,-5.706034099886224675e-01,2.966569688419526396e-01,4.159855737108628659e-01,-7.605281668173583531e-01,2.102602724000875778e+00,8.021731821102181526e-01,1.307137197415692675e+00,-6.959012479577655341e-01,-1.499832263471757132e+00,1.446329546184117021e+00,5.497656409747598838e-01,3.763088079504971484e-01,6.587716119721060970e-01,-3.843516565714400479e-01,1.641998353209466188e-01,5.610296712003216557e-01,-8.686329114306386989e-01,5.988581224002691855e-02,1.019986807857270916e+00,5.694435607404495503e-01,2.304635580246658932e-01,2.010964938962501170e-01,2.095830716943753447e-01,-4.258992731311702085e-01,-9.619498845440640489e-01,-3.252807084170041829e-01,1.253425645979992509e-01,-8.705669739876777946e-01,-6.330314629748334809e-01,1.607387074287544682e+00,-8.617321487236593303e-01,2.686901742362525436e+00,3.010598076756570762e+00,1.150807192866076134e+00,1.430966836883738047e+00,5.912796264313960881e-01,-2.750541497022128135e-01,-3.454507146611281859e-02,-2.010616447538082219e-01,7.317592169150261006e-01,-1.973351588418027491e-01,1.084888111070823502e+00,-4.788079737867893537e-01,-3.101763750193632929e-01,2.017829590641580517e-01,2.316336701217691293e-02,1.170653927760833879e+00,-2.038074799535556370e-01,1.353040787656154320e+00,-1.091517463915882141e-01,-1.119244616346514842e+00,1.746614461458883216e+00,-9.189678619746957100e-01,5.867393156013074318e-01,-8.133329213171198724e-01,1.629822523205103568e+00,3.320592977290037773e-01,9.852154017377858786e-01,-2.612509923474631623e+00,6.221430867306131374e-01,2.035840355719845007e+00,-1.493823747865752061e-01,6.123570528005494173e-01,-1.346097655314082431e-01,-1.101130770132330960e+00,9.861298625158974873e-02,1.331246746142129789e+00,1.258003722185031537e+00,7.752985641846681375e-01,8.423026832942088760e-01,8.740597048519983536e-01,1.040934780179402636e-01,-8.693308013717153671e-01,1.180659671273071476e+00,-2.862780741598875967e-01,4.031288547438421355e-01,-2.055662263738868289e-01,-1.390599211107278362e-02,-2.053418165377101923e-01,-3.383730995085713067e-01,-3.006921613675725413e-01,-5.595192702356464043e-01,5.628917958592682264e-02,4.500218683650135110e-01,-4.623012985828850452e-01,1.258669959440035013e+00,3.406939751070427458e-01,-1.997018807233404136e-01,2.082334827031102176e+00,3.167284413142575361e-01,-3.750469995494761649e-02,1.678389007495010965e+00,6.113803501608481294e-01,-8.208133925523557473e-01,4.996442902570384370e-01,6.278777741182484107e-01,-3.398447624931111299e-01,-5.300546237443346520e-01,7.032020768983968662e-01,1.282910602996411464e+00,1.115728614915136030e-01,7.841352013329179471e-02,2.342934904392148798e-01,-4.342884358624368724e-01,-1.223109426017038981e+00,1.254714147546390490e-01,-5.021846176301143494e-01,-5.541332545491141071e-01,1.948610372656616463e-01,-4.703558420260064987e-01,6.315557077664194496e-01,-2.220051394763443930e+00,-6.903462030526479332e-01,1.019660030021636743e+00,7.388098857544396492e-02,-4.905641954471801625e-01,-3.551784848228992791e-02,-7.478955005478273854e-01,8.350488170831174006e-01,1.571288576711235896e+00,5.106928713889261617e-01,-5.273241158478837454e-01,9.255819509250416965e-01,5.222201803914265916e-01,1.605407694507408611e-01,-4.538316641196676327e-01,1.139106968662352948e+00,3.329273258669168678e-01,-1.108780236827738852e+00,-9.403441888523400571e-02,-3.408263686658613012e-01,-3.291952071588902240e-01,1.109007300762704790e-01,-1.207819129433726602e+00,-3.288979408381834113e-01,-7.789444266508784853e-01,6.897819882165513727e-02,7.560787580264731744e-01,-9.493979380312901339e-01,1.933188401725746575e+00,9.779296807233130995e-01,1.041841076774041586e+00,-1.405541253720250072e+00,3.363127997222634225e+00,1.541905817365714304e+00,1.140975222541776857e+00
5.814438946789310947e-01,6.611611486065104293e-01,-8.479191103078482783e-01,2.270341340222129245e-01,-7.390382737950254022e-01,-7.969337661363377068e-01,8.565165640818284132e-01,3.318352282487107563e-01,7.524569179832051313e-01,1.381839165806925340e+00,-9.944888212329247579e-02,-1.024687210912772040e+00,-4.257688892280312443e-01,5.595564313442011883e-01,8.652500419661041109e-01,6.644987071001253742e-01,7.062780502893312162e-02,5.884563553434783989e-01,2.328210761632072856e+00,6.274779022328234035e-01,-1.273254688305121451e+00,1.129487171567334913e+00,-3.816484614337487535e-01,5.622796179969387076e-01,-2.179816090254651784e-01,-2.835689859455798878e-01,1.394113569652201123e+00,-1.415174681833801171e-02,-1.096807946843870507e+00,8.590336411928604921e-02,5.515479530542851672e-01,-7.791791472166355037e-01,5.283423360913735989e-01,6.534385513247752408e-01,1.010486665240773130e+00,1.315826184995036563e+00,2.381562308486694646e-01,-5.449945794748287664e-01,1.703588192057652995e+00,8.251817549847823008e-01,1.961310740802965524e+00,4.447870723794378200e-01,1.217694799940784556e+00,-1.604816052154471595e-02,2.914061859181457659e-01,-7.526631133014417552e-01,4.513672667445444708e-01,-1.624923954789592839e+00,7.249493941597573432e-01,1.385356073386909248e+00,2.244944720689073525e-01,-5.893873651952713510e-01,3.729414512031242190e-01,4.132614612567584444e-01,-7.414241248813551177e-01,2.083317427944700650e+00,8.404682248561820002e-01,1.322274525323448691e+00,-7.244656733585622677e-01,-1.451882097436004715e+00,1.445838125226653448e+00,5.344654680229270483e-01,4.233471738972131027e-01,6.621110241849548217e-01,-3.974610759698087858e-01,1.964342504381363375e-01,5.527871073925660905e-01,-8.288386263300169254e-01,5.740317157165200981e-03,9.943199622831074835e-01,5.073908151484940454e-01,2.541565893488526018e-01,1.983923391873081976e-01,1.898445840122296169e-01,-4.241584293968130859e-01,-1.003586460335454955e+00,-2.893759427691671160e-01,7.919845644479739377e-02,-8.995825289237140421e-01,-6.516428580630859724e-01,1.603963575436309741e+00,-8.710134402535328890e-01,2.084188340727997524e+00,2.975095889155574991e+00,1.115854169435600340e+00,1.452052297942815651e+00,6.254041304328634698e-01,-3.065516969498694455e-01,-5.632289463872137275e-03,-1.953526303916365836e-01,7.580607598248925161e-01,-2.399320101233228808e-01,1.058145713407847355e+00,-4.516937651111384566e-01,-2.855660597946154122e-01,2.939947898633660794e-01,3.563306177282568599e-02,1.178782541032863396e+00,-1.827292665574444808e-01,1.389891689684737530e+00,-9.042904161912633521e-02,-1.116415969503208538e+00,1.768085152029692741e+00,-9.344247113253204562e-01,5.624105413735167591e-01,-7.873637538414713921e-01,1.643362398543042335e+00,3.545773400759147931e-01,1.003377898969804338e+00,-2.600328067662700082e+00,6.128461682345500705e-01,2.043762486049714777e+00,-1.114713234897792699e-01,6.187164090772013791e-01,-1.624031623213707254e-01,-1.112358830345382632e+00,1.213786644121417763e-01,1.350865141444546058e+00,1.274886943984580245e+00,7.536063156724694956e-01,8.182564334578533716e-01,8.815267819548003869e-01,8.386005468278283359e-02,-8.990957464901653262e-01,1.181672072554676989e+00,-2.770747256529821900e-01,3.316474081919909001e-01,-2.042984898471999766e-01,-3.770040098759320363e-02,-1.799807663967304683e-01,-3.343359991085453897e-01,-3.488521304235782106e-01,-5.415235327817998767e-01,3.768208838352925943e-02,3.803420060073601783e-01,-4.354927192480034792e-01,1.217696117980155313e+00,3.599954351570435751e-01,-1.823493371711820132e-01,2.104899984909720079e+00,3.334690407138393708e-01,2.414647147850010681e-02,1.682579086500479937e+00,5.362107995281212292e-01,-8.303955957219795181e-01,6.037325358889525928e-01,6.520630417083951302e-01,-4.470943178030895027e-01,-5.469999295036322984e-01,6.699665773534964064e-01,1.302611548156813681e+00,9.901924989732939497e-02,6.262336527967271582e-02,2.202265340554082629e-01,-4.700262995638304631e-01,-1.227498320887773664e+00,1.735134147233290680e-01,-5.029967205366405736e-01,-5.865347111010423831e-01,1.546868935107172938e-01,-4.691062507985895857e-01,6.032371563274556703e-01,-2.297263691073102798e+00,-7.406512347197570234e-01,1.016843355889830880e+00,1.446720186315982870e-01,1.352555962561004188e+00,-7.530566324034996574e-03,-7.792975622440166950e-01,8.783875309034879786e-01,1.578988956979352043e+00,5.064881003612135002e-01,-5.206346426662533666e-01,9.487039944799771085e-01,5.979964260059128511e-01,1.897529777405736751e-01,-4.787416115900071656e-01,1.147339893901594188e+00,3.526380176673123978e-01,-1.205418447458226572e+00,-9.688311418584821810e-02,-3.403805067946039098e-01,-2.792034860252218809e-01,1.193945069370275225e-01,-1.211192161444422766e+00,-3.106610169249007791e-01,-7.474928393286918160e-01,2.805517635619083489e-02,7.437770491081765467e-01,-9.204621888921170614e-01,1.913898637405957226e+00,9.472648949187923995e-01,1.044276461047404903e+00,-1.442582297414982673e+00,3.368863855959154829e+00,1.547499330310497578e+00,1.150447529549319281e+00
5.647162690254424744e-01,6.692335652118459599e-01,-8.403335517561210111e-01,2.520669009207585076e-01,5.762181649138108375e-01,-7.667453581990361089e-01,8.649358357480781967e-01,3.115097941586164598e-01,7.968822553034777822e-01,1.369207474883223474e+00,-1.087236894721425456e-01,-1.030925968492581113e+00,-4.213591584766402942e-01,5.586409787519476255e-01,8.657090429468121684e-01,6.492876955416283513e-01,2.905694976062445437e-02,6.034937520047533033e-01,2.413704459367274513e+00,6.433812210241944829e-01,-1.269814302685367435e+00,1.132008581165310890e+00,-4.128833764277622387e-01,5.328230329476788540e-01,-2.362377084320538834e-01,-3.835157916800401301e-01,1.393592229041874742e+00,-5.485581055437504377e-02,-1.090790508261870517e+00,1.109886995056167391e-01,5.954839806231938537e-01,-7.759837129624208574e-01,5.015678833621118882e-01,6.125486098747291441e-01,9.840510072129148300e-01,1.302773461519659337e+00,2.314068409040788143e-01,-4.919837501187591111e-01,1.685874489544899602e+00,8.315278337079187176e-01,1.959095075010776066e+00,4.658289205770239083e-01,1.221594440646099011e+00,-4.920651326028169931e-02,2.436271387445905767e-01,-6.843743645721445112e-01,4.766667420333201566e-01,-1.649720255464961483e+00,7.370346362765489712e-01,1.401225004912322492e+00,2.448404610574966833e-01,-6.316675433775358339e-01,2.935674191810394573e-01,4.396406870970642755e-01,-6.842239927540452182e-01,2.071331425793436765e+00,8.376466208033688243e-01,1.292948579224114880e+00,-7.410994671254359512e-01,-1.414346349266082381e+00,1.424219338802229506e+00,5.797822868406643515e-01,3.707365774282944115e-01,6.956823944675621929e-01,-4.531406774240051005e-01,1.627512057540600188e-01,6.187661238388116880e-01,-8.661208489684153466e-01,-4.586006297466401448e-03,9.609307360013591426e-01,5.522329961250841412e-01,2.668311240615084401e-01,1.998369649535298442e-01,1.935357122738158020e-01,-4.150582755693315584e-01,-9.486249728784956758e-01,-3.024102351891500562e-01,1.039517838029862390e-01,-8.476405121706475088e-01,-6.276661653788596640e-01,1.614703948867002747e+00,-8.817546296503582237e-01,2.064436296315808050e+00,3.010631231507850281e+00,1.114052203456968870e+00,1.463995174408393218e+00,5.737267317570310388e-01,-2.722551215352275733e-01,-2.747079475946984789e-02,-1.744554853498098967e-01,6.976767510696402219e-01,-1.724129469222372146e-01,1.067426613906534705e+00,-4.955320101348453243e-01,-2.590066780957185899e-01,2.917240820679316005e-01,2.654114844171976892e-02,1.164819436534861863e+00,-2.111011358156451023e-01,1.367073621714636866e+00,-8.167915902689718011e-02,-1.131321027292484294e+00,1.710210585271956241e+00,-9.115821044974998788e-01,5.500239899195447091e-01,-7.967188916351506389e-01,1.629911551137431136e+00,3.662544489785429791e-01,1.003498614320547766e+00,-2.586658437713147851e+00,6.398848120926757810e-01,2.040555304186836949e+00,-1.188633004232421131e-01,5.467406052568613006e-01,-1.497492332269902970e-01,-1.077484189361483491e+00,8.235313726064778794e-02,1.332301020234665234e+00,1.263295992789516431e+00,7.459330028477035857e-01,8.216513564715098861e-01,8.669991828498578856e-01,9.960682971340756309e-02,-8.752951506107718993e-01,1.219491232257315261e+00,-3.233953026013413612e-01,3.715653679005102017e-01,-2.028363322830424309e-01,-7.290893140812111650e-04,-2.083917563652626370e-01,-3.323735619088064586e-01,-3.278167382732923851e-01,-6.449867559762205715e-01,5.457667398360648014e-02,3.669081480365945502e-01,-4.482476892044109373e-01,1.253917069410428242e+00,3.453223829561130609e-01,-2.000290260309491031e-01,2.077689713262532933e+00,3.328340561593626235e-01,-3.340496076120847563e-02,1.715731197248702156e+00,5.493395034283055089e-01,-8.157663800414923783e-01,5.055820873459321296e-01,6.808140755242897413e-01,-3.505537694669115245e-01,-5.031033244621442302e-01,6.899493299200745167e-01,1.242995820795944395e+00,6.622992168316339801e-02,2.397812314945577811e-02,2.028010090409397004e-01,-4.726146880238214498e-01,-1.222133651328834336e+00,9.231576590919587932e-02,-5.014547284854022902e-01,-5.356039758416980545e-01,2.418681026948706625e-01,-4.926280524594235932e-01,6.306853765012372381e-01,-2.292761802549382999e+00,-6.913946112360132012e-01,1.029025038165865436e+00,1.513660118563152635e-01,-4.795898425804782095e-01,1.287651784192850833e-02,-7.843332126933505455e-01,8.592937609981070590e-01,1.554289143370585435e+00,5.183159870971872918e-01,-5.580209326534861791e-01,9.563466561036096936e-01,5.819280168418894394e-01,1.459204005339197197e-01,-5.291739478096296745e-01,1.143089671577181665e+00,3.349613744906490553e-01,-1.190325215782064738e+00,-8.960017513189844074e-02,-3.704658536205825414e-01,-2.938564557982714098e-01,4.563055113455330436e-02,-1.123299598736061888e+00,-2.566391605548404842e-01,-7.870422338416193098e-01,1.813898485600017388e-02,7.015067705210003002e-01,-9.053456317258732344e-01,1.863498185298866128e+00,9.518497826453746757e-01,1.053953476567441205e+00,-1.425869769282909871e+00,3.378775963570592733e+00,1.503894039051705711e+00,1.270448069411906244e+00
5.736271969384918457e-01,6.466066073277002557e-01,-8.398241458737960574e-01,1.641906935594810713e-01,-7.495025154982384308e-01,-8.047779764233066180e-01,8.687095778937620194e-01,4.429121733811804962e-01,7.438726793021668282e-01,1.372675826780303643e+00,-1.828088730568159792e-01,-1.084973080755993635e+00,-4.396343703071484144e-01,5.653281967805150465e-01,8.563482705508198567e-01,6.360308019321774253e-01,5.129448789012922005e-02,5.289089022963668896e-01,2.405217771152333484e+00,6.316981416711372477e-01,-1.235339524986823090e+00,1.169856512783814750e+00,-3.833477433382120880e-01,5.284038337281625752e-01,-2.024985239340145460e-01,-3.375063581648803379e-01,1.438513793590531664e+00,3.594013606033958329e-03,-1.109872892698319680e+00,1.004495663144120421e-01,5.395352759898066619e-01,-7.751748668452893565e-01,5.453349987699540602e-01,6.209002067227126220e-01,1.004968833825117924e+00,1.366033279565702863e+00,2.371751504219807294e-01,-4.929226034897816744e-01,1.678577504247064311e+00,8.161007752666507020e-01,1.976281697386106373e+00,4.937583597333753405e-01,1.231953410352441214e+00,-1.986968202704984809e-02,2.807423196261472631e-01,-6.915668924428978181e-01,4.892971545123866450e-01,-1.533677220315239342e+00,7.042449826859091822e-01,1.437356435878870631e+00,1.937542945644639969e-01,-5.579488827525773686e-01,2.836873923393638530e-01,4.493881893514931614e-01,-7.418161090217260112e-01,2.114230419326259103e+00,8.791995921257180768e-01,1.309514424985565029e+00,-7.002749415775384456e-01,-1.447823261710370346e+00,1.436587294259681569e+00,6.080617843946753975e-01,3.728580212959046736e-01,6.940457388413161510e-01,-3.776891150114470852e-01,1.398111394140113539e-01,5.676907907692023691e-01,-8.246441812542609773e-01,-2.045021069518913187e-02,9.671639840751071748e-01,5.352365177330958845e-01,2.553559627170944313e-01,1.642533775352925940e-01,2.133293119760311662e-01,-3.910223012185895519e-01,-1.006540089751215561e+00,-3.160453050760271831e-01,8.232685177183585168e-02,-8.496482165008485410e-01,-6.192741306526998724e-01,1.601972859678223449e+00,-8.931203379306155155e-01,2.698202959655997546e+00,3.004453433226524250e+00,1.123352951673491917e+00,1.453854801848173839e+00,6.005805970195161603e-01,-2.811999516684009492e-01,6.832235399378528383e-04,-1.762660870111750211e-01,6.784496818377087068e-01,-2.968741982135615354e-01,1.105186088987373916e+00,-4.343757660836770063e-01,-2.745887202591168474e-01,2.152185272166326213e-01,3.206838846728581743e-02,1.185558213373446801e+00,-1.832792294201739114e-01,1.357063198132301141e+00,-9.622034681780899934e-02,-1.140311094762276101e+00,1.738299824931352155e+00,-9.091024318913273339e-01,5.723511279427148102e-01,-8.040071953902478974e-01,1.656137776127012629e+00,3.342879839920719909e-01,9.805235546170482097e-01,-2.652627111877051469e+00,6.390056371315101513e-01,2.003234265282427096e+00,-9.175892149593001257e-02,5.885825539327166345e-01,-1.819160863439662212e-01,-1.104079824045691938e+00,5.544420346264437166e-02,1.368103092483405447e+00,1.256503276242515010e+00,7.931566961666572935e-01,8.418230269473978566e-01,8.339320848569575784e-01,1.067102982267484346e-01,-8.764793989540707875e-01,1.158877099483503370e+00,-3.492150453162253254e-01,3.558935186182789479e-01,-1.698899143919063714e-01,-1.316911662649964884e-03,-1.785596550947093630e-01,-3.505641404622926727e-01,-3.224428331255723701e-01,-6.436003820942201026e-01,3.631277885462969035e-02,4.276649061355450310e-01,-4.477501086555067955e-01,1.246218672807682948e+00,3.476155829913915030e-01,-2.722357782409244864e-01,2.105119049200669057e+00,3.230233381484472477e-01,-1.993502464945310498e-02,1.699874246036103598e+00,5.535734258380613504e-01,-7.938271962385767822e-01,5.129280870045400675e-01,6.118247524231898993e-01,-3.376298406675704578e-01,-4.933478701323759097e-01,8.005729788498100463e-01,1.254579753981930557e+00,9.644239703513415862e-02,3.659271067570987052e-02,2.276819676798821912e-01,-4.524458243798912260e-01,-1.217123236522718921e+00,1.461545715610389207e-01,-4.423039353088778491e-01,-5.368459548805669668e-01,2.009141752017568339e-01,-5.101439324810134179e-01,6.148421864009370186e-01,-2.259203008599448559e+00,-7.214294580370341770e-01,1.018132757970889646e+00,1.117065812046839218e-01,1.351930286411069382e+00,1.105797270477936259e-02,-7.644767811493675680e-01,8.300063450078448701e-01,1.564207790574598134e+00,4.660415754958281420e-01,-5.121004533445865370e-01,9.631620390411986810e-01,6.319582494856939014e-01,1.787498526639236252e-01,-4.849450809462287348e-01,1.170091951847901157e+00,3.342435097437191915e-01,-1.198761579924710885e+00,-7.261454023696821414e-02,-3.819068827524582099e-01,-3.093716779140886497e-01,4.112266103744996459e-02,-1.136811527325790827e+00,-3.001831368450632032e-01,-7.682151580691560788e-01,2.786715212182068468e-02,7.592934836422868816e-01,-9.401964220431434649e-01,1.923868669348091309e+00,9.575525698978628597e-01,1.055182141722896372e+00,-1.442125375630252115e+00,3.380195757191242212e+00,1.513204073134726491e+00,1.291218193124529456e+00
5.640119883809404655e-01,6.913294354425281174e-01,-8.067490083079923435e-01,2.269350253401133666e-01,-7.462376068199289003e-01,-8.202562363766944253e-01,8.678267457597265144e-01,4.417167675411811101e-01,7.399057121651855251e-01,1.324722445120295911e+00,-1.774659579634893791e-01,-1.021796490422652415e+00,-3.951657227508867387e-01,5.709137858840385160e-01,8.621772050166941481e-01,6.463389217639901041e-01,4.689531063537579619e-02,6.067078335918424381e-01,2.422483510915765414e+00,6.325800120460701725e-01,-1.263830934040469423e+00,1.131488465903653928e+00,-4.004317670322307121e-01,5.230657899981145942e-01,-2.094702185135076944e-01,-2.668684845317764731e-01,1.442255423302024830e+00,-1.070276449096779423e-02,-1.103985934433994842e+00,7.007343387184430950e-02,5.460030754348887960e-01,-7.770684548987962792e-01,5.290730294367896880e-01,6.223862123794330348e-01,1.002835545976473064e+00,1.283176143818697268e+00,2.325596595514955733e-01,-4.981056054099406438e-01,1.700416079112798462e+00,8.113079404796850191e-01,1.960971112050788445e+00,4.863030296077690551e-01,1.228519632953700480e+00,-2.484420236437601126e-02,2.794204958296801489e-01,-6.735609958467748681e-01,4.488254924455495343e-01,-1.535336058696717521e+00,7.030226681069926542e-01,1.385331595103825642e+00,1.861986230873179937e-01,-6.160003012577418557e-01,3.452217666836341348e-01,4.080130220351274040e-01,-7.362500283872597251e-01,2.061449903142865914e+00,8.294314112560808860e-01,1.322951012687038963e+00,-7.303550569044614527e-01,-1.496455235022336794e+00,1.436892143530836385e+00,5.328312680333358031e-01,3.944320580907118567e-01,6.980767241204945961e-01,-3.866447248007923165e-01,1.871009471892438047e-01,5.529147641640972388e-01,-8.291959607664984855e-01,1.060029962109338385e-02,9.615445243490124971e-01,5.554168057390896918e-01,2.625902190329605923e-01,1.905277412951947857e-01,1.914992624200307081e-01,-4.230485147956345449e-01,-9.119330721426806008e-01,-2.994755364732254455e-01,8.347186481315810314e-02,-8.462066268632396637e-01,-6.479302950945576844e-01,1.578458890336980058e+00,-8.498709505262768138e-01,2.090017301116931403e+00,2.973203067774837560e+00,1.118285954128932280e+00,1.458827587475593601e+00,6.298958935425101879e-01,-2.701046657525384975e-01,-6.303604648162297250e-04,-1.906157824496646780e-01,7.101554804323557679e-01,-2.439644614954771251e-01,1.105874668913971126e+00,-4.493486846940206170e-01,-2.886429398593362006e-01,2.163652244804728786e-01,7.290529189348929351e-03,1.154217861186022542e+00,-1.745772111493873180e-01,1.373605619682105150e+00,-1.220858279656486800e-01,-1.133081047707071409e+00,1.703385364879435926e+00,-9.088749447529785863e-01,5.465283426425093793e-01,-7.947752747223593150e-01,1.620313695379044017e+00,3.419282217143069236e-01,1.006489772517076497e+00,-2.611509880754002921e+00,6.228186629384819817e-01,2.035310952413039498e+00,-1.142869909737910250e-01,5.497968632119967225e-01,-1.428404997795578446e-01,-1.082864720211123899e+00,1.318932251936890954e-01,1.366602483877968455e+00,1.258577166884577325e+00,7.842024413595499732e-01,8.284740741516811724e-01,8.625129936459786650e-01,9.521975242945432405e-02,-8.916697962130061272e-01,1.199869626621426155e+00,-3.072116340937918744e-01,3.086331701492169288e-01,-2.515206601695310074e-01,9.072654832308164538e-03,-1.843969363340291490e-01,-3.643778524623249582e-01,-3.184712388672212846e-01,-5.374590219648734957e-01,2.937637884555883289e-02,3.889872251201926256e-01,-4.557758314437833080e-01,1.249461783393437608e+00,3.495227643245839011e-01,-2.330851570080313406e-01,2.106231555931973531e+00,3.186777251497842633e-01,2.929911580921563605e-02,1.720425260103191745e+00,5.282527569490386155e-01,-8.243786790251399488e-01,4.946847522836178568e-01,6.582822677257718080e-01,-3.211077095788490432e-01,-5.342723928334259798e-01,6.682173384751499690e-01,1.266996279368697742e+00,6.697887048620651540e-02,5.389262249676885635e-02,2.209072856026727538e-01,-4.630661932343081988e-01,-1.220745197786564429e+00,1.406089642275420160e-01,-5.108704102800942781e-01,-5.910168065106004009e-01,1.613793678817524169e-01,-4.593653847808842894e-01,6.032152150976159977e-01,-2.244354942579030343e+00,-6.793905022583996978e-01,1.017549578626414375e+00,1.353264903832264998e-01,-4.616120009334027663e-01,4.132407884755840040e-03,-7.862985591082979342e-01,8.917646199143232089e-01,1.564599365868565295e+00,4.650719186370799174e-01,-5.206109802702585387e-01,9.681310564862747325e-01,6.159872976274830547e-01,1.875829025301729847e-01,-4.731575261422478196e-01,1.183626101186971091e+00,3.536874564200727655e-01,-1.189835127507687940e+00,-1.150538444979423564e-01,-3.461260835642331335e-01,-3.012408109779800558e-01,3.836971211031982992e-02,-1.208976414707931824e+00,-3.089167542995581162e-01,-7.674519969787654272e-01,2.586125937349897236e-02,7.439247426847650502e-01,-9.162944720980882307e-01,1.909654304840354255e+00,9.627464800768503750e-01,1.049768375702127443e+00,-1.416827210614251431e+00,3.307483260479126663e+00,1.548540401696816504e+00,1.303122791671999847e+00
5.801871258127171416e-01,6.640674036279865522e-01,-8.396831483793972817e-01,2.297187216769957796e-01,-7.409651094990984399e-01,-8.271405378744701720e-01,8.524522322777401406e-01,3.176398325355995200e-01,7.578348627241077162e-01,1.320103963073229636e+00,-1.183865802780981608e-01,-9.936512585123099539e-01,-3.980952917058278029e-01,5.449233137037380326e-01,7.965782051932170926e-01,6.407254955766424898e-01,5.377219199970309504e-02,5.989265848013358706e-01,2.360634794130316294e+00,6.555345464949168255e-01,-1.233446735327816457e+00,1.156510629687133029e+00,-3.994839947714430295e-01,5.679150509369648159e-01,-1.994061517137177553e-01,-2.905003899167430403e-01,1.432172167026457998e+00,-4.353897174673295595e-03,-1.130055025368060795e+00,9.350792204633115445e-02,5.814941103305255599e-01,-7.607429590763707949e-01,5.152730522415972514e-01,6.131001927033254972e-01,9.647842366914142209e-01,1.301603440249760490e+00,2.296164825198871162e-01,-5.812444920503285761e-01,1.656732974057142371e+00,7.901189943097197688e-01,2.004478111508904536e+00,4.564490568240628376e-01,1.206466677666417242e+00,-1.611708196557454231e-02,2.923531215335892219e-01,-6.755437281036174024e-01,4.504311468689406461e-01,-1.624412588851497752e+00,7.200646167718054436e-01,1.440663484205565226e+00,2.321823944109022986e-01,-6.206364858288579978e-01,3.808614084959062174e-01,4.548576163720770560e-01,-6.896047509476342929e-01,2.075475003474175129e+00,8.304524398319463874e-01,1.323132769353785765e+00,-6.807118766548142519e-01,-1.451465056176145740e+00,1.459353317692677399e+00,5.505996995081677836e-01,4.325592269346599239e-01,6.810450988236228520e-01,-3.714308959383247899e-01,1.563286928930492925e-01,4.420945426228395370e-01,-8.225078986255353053e-01,-1.310654519953230717e-03,9.616083149513104944e-01,5.035249541273100204e-01,2.272317831462575821e-01,2.092471072728969705e-01,2.095404620036868115e-01,-4.086367828313501871e-01,-9.039596615387623935e-01,-3.237590119839372504e-01,7.689057170487091641e-02,-8.417218279497031830e-01,-6.463443289881659615e-01,1.621416129024936481e+00,-8.934614605801141085e-01,2.661905373462416957e+00,2.994791571191228297e+00,1.113492211275719068e+00,1.441375631773656574e+00,5.996772592015860992e-01,-3.120690334481784345e-01,-2.036945598277738190e-02,-2.301219286031261912e-01,7.077090586914052128e-01,-2.440004727838102072e-01,1.066114418885504733e+00,-4.846004058160697792e-01,-2.461303585612410472e-01,2.104281805730228716e-01,3.858931262191937078e-02,-1.359700691767266045e-01,-2.087779116619480346e-01,1.401626443049579951e+00,-9.581294579066236550e-02,-1.234055585181396353e+00,1.754729559673000594e+00,-9.175234902824934702e-01,5.706514928693107169e-01,-7.859507102369943654e-01,1.636069467305068637e+00,3.072804472711183066e-01,1.013339774970060780e+00,-2.618807611678306113e+00,6.114879512108709614e-01,2.033205536663392987e+00,-1.516637258889584061e-01,6.121578388567323614e-01,-1.337430907889929632e-01,-1.075744578605045909e+00,1.269230517968064076e-01,1.344858810120521664e+00,1.256160197488752406e+00,7.367215920897876025e-01,8.250038398388406247e-01,8.538877563016975536e-01,1.155645465351449602e-01,-7.782770760820268974e-01,1.181573490323752695e+00,-3.014504933870392756e-01,3.679017924802515660e-01,-1.778391844630875240e-01,-2.621758823337999242e-02,-1.983788064693601250e-01,-3.262175604259647810e-01,-3.359606078539401630e-01,-5.623689272249368098e-01,2.999184164247994944e-02,3.469952346049852698e-01,-4.425700444052396154e-01,1.254553500862547244e+00,3.558654042580338128e-01,-2.036530059998667708e-01,2.115489583016006758e+00,3.247552107415087597e-01,-6.595870144679167289e-03,1.774641361842739684e+00,5.680166571323956859e-01,-8.098626246268431084e-01,5.044417301636219264e-01,6.715815288363675695e-01,-4.436484877819450445e-01,-5.458695981304958478e-01,7.824846463235175520e-01,1.314188591162621877e+00,9.341640485383073678e-02,7.461707173494463996e-02,2.250938562005642685e-01,-4.561926433998849673e-01,-1.258641258801095342e+00,9.787849478956092697e-02,-4.596066997093386508e-01,-4.928695128077372756e-01,2.413058740982405859e-01,-4.780222486438084339e-01,6.214519766624404529e-01,-2.284793541256213256e+00,-7.039517587902757167e-01,1.038390739548413766e+00,1.115205941862192768e-01,1.382048243610736193e+00,-6.856503764009801161e-02,-7.637532862931937228e-01,8.271332414321943549e-01,1.552911668169070003e+00,4.965636852404639034e-01,-5.411103819155671513e-01,9.994904741745674892e-01,5.845759604399972664e-01,1.828162398981670322e-01,-4.901246086622513820e-01,1.164566089541726246e+00,3.514589229945497828e-01,-1.177410205917303276e+00,-9.981994760442292058e-02,-3.778362693687151719e-01,-3.309734938854821951e-01,5.907294693339978225e-02,-1.218106763432312611e+00,-3.214139417435302737e-01,-7.747787670105624747e-01,2.713476825683042506e-02,6.966981238211270577e-01,-9.835723063326151649e-01,1.913452214406955898e+00,1.005860902066057827e+00,1.071444382352173985e+00,-1.414082774084353122e+00,3.381774010110153217e+00,1.546665533271140092e+00,1.330353170169706889e+00
5.735560274813734649e-01,6.474553960578406375e-01,-8.023114645498948816e-01,1.763393150892399175e-01,-7.659666598005420157e-01,-7.967216255015934223e-01,8.546641136093081625e-01,4.547217258889391100e-01,7.435407868361758599e-01,1.376157457182362709e+00,-1.215616284345162057e-01,-9.743316333050621170e-01,-4.046031344976782074e-01,5.497660311996420690e-01,8.574044779013728634e-01,6.471607096859411934e-01,5.048608354343682436e-02,5.821359967799426549e-01,2.387235804890528001e+00,6.439295781392350149e-01,-1.235816804165348337e+00,1.169068178225817878e+00,-4.063464380440795498e-01,5.278737248473515109e-01,-1.883613029989892607e-01,-3.867083556509859354e-01,1.444790478599692340e+00,-6.152192602040344738e-02,-1.103973246460694613e+00,8.542336682231818634e-02,5.406564515231742085e-01,-7.598246569835489517e-01,4.924829329394818100e-01,6.580331872559886941e-01,9.651272926576541789e-01,1.301438004149462202e+00,2.394504153152819670e-01,-4.847004450108166052e-01,1.650303368080399125e+00,7.779146840331154777e-01,1.974157287194083565e+00,4.914261763722893028e-01,1.235978563641102035e+00,-2.118847194629908462e-02,2.847345892741163231e-01,-6.743661549201901417e-01,4.535853879294105551e-01,-1.624500646903194179e+00,7.139914447631040550e-01,1.409743426108630127e+00,1.892058241573662258e-01,-6.334422985876837497e-01,3.839403921068344494e-01,4.248802033213352480e-01,-7.356088976753539788e-01,2.088870012043814395e+00,8.356130510520870525e-01,1.328578126292870865e+00,-7.262809450011319390e-01,-1.441647847704581986e+00,1.459379027509859483e+00,5.564994704599695030e-01,4.049557451708233335e-01,6.921033738658982637e-01,-4.117930898134859463e-01,1.465836101453324436e-01,4.482277654554669422e-01,-8.641086475343265905e-01,-4.691012434681090387e-02,9.637898707924592578e-01,4.849745361912735087e-01,2.281106270429105742e-01,1.761319413069823148e-01,2.076739407084845501e-01,-4.143059210034019113e-01,-9.628452191150385087e-01,-3.101358700163683868e-01,6.512344336489578334e-02,-8.534077731191930249e-01,-6.169982597908877375e-01,1.614592560200521332e+00,-8.885838424487407794e-01,2.696007898002613423e+00,3.008573974894751313e+00,1.108046061231422463e+00,1.435879697174774483e+00,6.046811594657394151e-01,-2.689011845631837372e-01,6.116223135326689583e-03,-2.291355978277395400e-01,7.152908221872774641e-01,-2.432128000755658381e-01,1.056901068335993621e+00,-4.333422956101203871e-01,-3.136749737485909906e-01,3.009320086052320042e-01,4.119770422342283051e-02,1.174576536548888495e+00,-1.795041600278205196e-01,1.359487587362474992e+00,-9.793960953694846872e-02,-1.138128560292782865e+00,1.710024912277163800e+00,-9.098994970853632180e-01,5.749523480196169212e-01,-7.966688264068877423e-01,1.645534637871597816e+00,3.312307064069158757e-01,9.908733577215361743e-01,-2.503939327411903282e+00,6.241547267830880319e-01,2.030667206199589181e+00,-1.056685364047555836e-01,5.828242044111927589e-01,-1.299304377454267023e-01,-1.093960409762135821e+00,1.483055684743037617e-01,1.360603037716754615e+00,1.249004236658947775e+00,7.696304926378405575e-01,8.006100823973614222e-01,7.947936541641684727e-01,1.235495193659025825e-01,-7.732674604555836995e-01,1.180247864269698521e+00,-3.171151931416742453e-01,3.791736955228617312e-01,-1.475847861491879909e-01,-2.120560819781186490e-02,-1.895281009849736353e-01,-3.225442819941973793e-01,-3.289236791816237959e-01,-5.611840287300322583e-01,7.990894316049071411e-02,3.621625688432319468e-01,-4.473872605392382740e-01,1.251626024174802287e+00,3.060145491674025053e-01,-2.276329762661948308e-01,2.101910907343908619e+00,3.147050181955622361e-01,3.826180749515336460e-02,1.698003049470765857e+00,5.407088239836935761e-01,-8.553906673555907725e-01,4.976723887185267037e-01,6.724720471445709835e-01,-3.288318080190579251e-01,-5.385374691171176398e-01,6.885142707178021348e-01,1.304173104260078153e+00,5.592160785948014495e-02,4.431642007487072293e-02,2.235395374315627959e-01,-4.735858091722395247e-01,-1.218521758278512390e+00,1.204582634459618606e-01,-4.952509947823018344e-01,-4.920652002315231699e-01,2.042215256319769578e-01,-5.068046394501803942e-01,6.171015573620024508e-01,-2.269754099820699977e+00,-6.774070656893681486e-01,1.034649709840211207e+00,7.715704994591628119e-02,-5.042097026266618709e-01,-5.952165185879260134e-02,-7.555593563901521481e-01,8.189386759003404181e-01,1.555532454475999637e+00,4.702718876092491507e-01,-5.022454788137199477e-01,9.615111131183508020e-01,6.264237152162616118e-01,1.723808346877119813e-01,-4.916969297813621464e-01,1.173151138019118411e+00,3.275660727491460644e-01,-1.194524896262697755e+00,-9.307973617557663282e-02,-3.190592900291527312e-01,-3.053639861204197059e-01,8.264938557680324982e-02,-1.219018701809709837e+00,-3.070105452876065177e-01,-7.751610568748286134e-01,3.891512548550758732e-02,6.896271238908595613e-01,-9.108966746998125030e-01,1.903997861089694155e+00,9.604615996437828596e-01,1.063771082908553156e+00,-1.432215487100543694e+00,3.388959096634338586e+00,1.549104880447583987e+00,1.351966342821620870e+00
5.760007541675841169e-01,6.671864219491615566e-01,-8.419519747106833929e-01,1.709637448305409424e-01,-7.620421695023236186e-01,-7.944627428643186162e-01,8.543562766607573078e-01,4.557260472585962230e-01,6.680882700446034717e-01,1.379256746704637715e+00,-1.329344942456394951e-01,-9.891077582377231225e-01,-4.021283511239736597e-01,5.611562238442219241e-01,8.146307905331973132e-01,6.339718846570748800e-01,4.988700060637099587e-02,5.406156821636980414e-01,2.403345405012508706e+00,6.370485963091504500e-01,-1.241898212113806244e+00,1.133699224432397124e+00,-3.809886353155609306e-01,5.688095757308524458e-01,-1.967728918000438421e-01,-2.807494801433435549e-01,1.404708069813376259e+00,-8.491424702064014063e-02,-1.095409981434964042e+00,8.781860721681533644e-02,5.817463491896782690e-01,-8.011856466795971299e-01,4.914776877625954277e-01,6.046191409026554497e-01,9.939208316909616814e-01,1.292612895212617907e+00,2.669602208782426156e-01,-5.818983903222096910e-01,1.699256209229866421e+00,7.776377838480781346e-01,1.980290426218942690e+00,4.855802638715818187e-01,1.206240612762972786e+00,-6.337969363235784748e-02,2.601436351733490970e-01,-6.746979729119747526e-01,4.513494568169598153e-01,-1.648909150304046278e+00,7.266577173141489654e-01,1.434398310813085997e+00,2.229296910575354618e-01,-5.512783728666780236e-01,2.864627038370953227e-01,4.330380133609183502e-01,-6.809727099480777923e-01,2.114283838986677821e+00,8.341564634878892992e-01,1.318258975263329580e+00,-7.055781995639008874e-01,-1.453740154681527175e+00,1.468696147309354716e+00,5.860439608839393966e-01,3.625670759253213915e-01,6.818067320968592693e-01,-3.778638405846072024e-01,1.888788426182070601e-01,5.594934503243075286e-01,-8.678274974002170294e-01,-1.819748141512079337e-02,9.835102277095157941e-01,5.415996296436574875e-01,2.265080894835256875e-01,2.202287323891362614e-01,1.904912072388814936e-01,-3.911442392811579905e-01,-1.023172408901897423e+00,-3.637812141370496133e-01,7.762831799555806878e-02,-8.438099143129583757e-01,-6.237935606173280467e-01,1.603619028408187708e+00,-9.018081641506494606e-01,2.075689716277153707e+00,3.003661268589794542e+00,1.112573864746821517e+00,1.439827177310439632e+00,5.966000500247593541e-01,-2.704354435163143222e-01,-2.718104986304102633e-02,-2.025180692196835441e-01,7.137605741183405961e-01,-2.441674081744137359e-01,1.122031063467142209e+00,-4.659901992043815055e-01,-3.150210593039582396e-01,2.923944364295885112e-01,2.247282175295630541e-02,-1.299763664291347653e-01,-2.170175800464990701e-01,1.368824759535631097e+00,-1.042836215329152327e-01,-1.109155323230150314e+00,1.730069539299564640e+00,-9.178417048986543536e-01,5.767636072188189189e-01,-8.010927726096522816e-01,1.612243640177586812e+00,3.539644120894412382e-01,9.979191109981159213e-01,-2.510447051020946230e+00,6.421468085389947511e-01,2.034802422735037197e+00,-9.488687183000039937e-02,5.956887082756311402e-01,-1.663909213606663551e-01,-1.072886182949429390e+00,4.771185477298679062e-02,1.361180991792894535e+00,1.247861357259486992e+00,7.962042367100858886e-01,8.390516888744429247e-01,8.325510869139304271e-01,1.092081611059435714e-01,-7.687075266599847634e-01,1.164129263032497530e+00,-3.040154705202253171e-01,3.507751017461831489e-01,-1.418744015470819742e-01,-5.992056125191217580e-02,-1.999249625252937923e-01,-3.288536063937442244e-01,-3.167277144795421773e-01,-5.410334015605314795e-01,4.289070230622642199e-02,3.460491394903206230e-01,-4.579910208493191970e-01,1.246840001014440924e+00,3.554622841324171501e-01,-2.601927769476385377e-01,2.131159313021762092e+00,3.113593060913394939e-01,-2.750212481124381797e-02,1.722006092706244385e+00,5.691512440891941527e-01,-7.890003353579396750e-01,5.164883171066799727e-01,6.728629528948669725e-01,-3.299902359618536729e-01,-5.341960919676941311e-01,6.981129283842292255e-01,1.308124626361013121e+00,1.018899826714049633e-01,2.725995328921497832e-02,2.177348624349260686e-01,-4.664402999220234047e-01,-1.263249043570102925e+00,1.463808938715413510e-01,-4.866051450377105736e-01,-4.941998148526557944e-01,1.957946861892713164e-01,-4.820548126470067252e-01,6.244774482777605273e-01,-2.248587330615811286e+00,-7.347857433244222580e-01,1.033241874994308862e+00,1.048837738949638526e-01,1.377833379405840830e+00,-3.501449301346865051e-02,-7.701418173922567334e-01,8.199062436044204372e-01,1.571136524345295715e+00,4.893994765035867278e-01,-5.368467012903259672e-01,9.656186906133109593e-01,5.215813565338320856e-01,1.734367826477283270e-01,-4.853027565430362289e-01,1.161365098190673573e+00,3.291061438104149750e-01,-1.174604517744288312e+00,-6.957558071808472855e-02,-3.759848514024294874e-01,-3.323767878769877671e-01,7.874398151900825760e-02,-1.151625235556760440e+00,-2.966411648076980878e-01,-7.769698222876672000e-01,3.104384276346600080e-02,7.687052318329800071e-01,-8.894730923466699357e-01,1.922613186311233680e+00,9.463466594101203055e-01,1.051506827553862156e+00,-1.429180120967627587e+00,3.393458396077193129e+00,1.514435480424316971e+00,1.467263731401477811e+00
5.564312321229554215e-01,6.623128980064716398e-01,-8.518560336497836838e-01,1.640392112020929993e-01,5.796449593893450158e-01,-8.138241144748452616e-01,8.565636947562712544e-01,3.606691691149460643e-01,7.799352401138917035e-01,1.357520902513601913e+00,-1.125960504076677915e-01,-9.847229568855904169e-01,-4.648745431921527116e-01,5.748011426931477486e-01,8.102035165020292640e-01,6.385190609985429422e-01,5.290718802707309459e-02,5.442110452472339599e-01,2.364451021976141654e+00,6.477759202899250335e-01,-1.266852893281300796e+00,1.130877852980600284e+00,-4.240747055954101619e-01,5.355620995975982623e-01,-2.264699852590214280e-01,-3.908514658548730147e-01,1.383624521255606865e+00,-2.752536061090052333e-02,-1.143259105772212347e+00,1.156464126329386777e-01,5.389574025798327117e-01,-7.825254699440542527e-01,4.920413827235173287e-01,6.237725809896789153e-01,9.903248846617173085e-01,1.298811838226363591e+00,2.213594966848010381e-01,-5.102989954132109984e-01,1.668320577626126511e+00,8.129256418213912649e-01,1.967058187955495807e+00,4.909487150657363408e-01,1.213285144902416235e+00,-2.116045265666376129e-02,2.949153565253277987e-01,-6.834050363268910910e-01,4.319138877538312160e-01,-1.649705566078867980e+00,7.208847594675311665e-01,1.399217830000841989e+00,2.407207107246925049e-01,-5.655945571411814532e-01,3.990319818963827259e-01,4.410511309289759097e-01,-6.862069860756808692e-01,2.068063582617376106e+00,8.133382430877238445e-01,1.299833995888090454e+00,-6.979456077687193893e-01,-1.407163805553238500e+00,1.454597122020477640e+00,5.881507322640907587e-01,4.328697823735856987e-01,6.947310229363689027e-01,-3.796974708271533272e-01,1.634600485003100401e-01,6.207455412463750433e-01,-8.726634590207971165e-01,-2.586593971290574584e-02,9.634233146252241253e-01,5.386780507774209248e-01,2.586005498212139431e-01,1.986771314291635449e-01,2.063098562717178008e-01,-3.946576445749269690e-01,-1.017824164736778725e+00,-3.386508037548587868e-01,6.432767919133383638e-02,-8.620825307240359558e-01,-6.245255389753361364e-01,1.648063131611250842e+00,-8.761316067131462715e-01,2.086057881862328767e+00,3.012942075630760996e+00,1.179261073332804166e+00,1.467637158214889048e+00,5.681709227373183957e-01,-2.577445794856302874e-01,-2.124561973299082113e-02,-1.749155645524192448e-01,7.047956250109548293e-01,-1.942087146995907232e-01,1.103915687406083368e+00,-4.942947297740283297e-01,-2.403647420929052314e-01,3.026768963122014044e-01,2.626309628252631798e-02,1.161604743807062468e+00,-2.084937290188343950e-01,1.359326700915617803e+00,-9.091658258733503750e-02,-1.258399413826647217e+00,1.746893033269767637e+00,-9.149907475848823024e-01,5.756254146763782886e-01,-7.942781841910973029e-01,1.628419435931740100e+00,3.586692480811621286e-01,9.801692354154308839e-01,-2.659093793562307351e+00,5.822468459311149758e-01,2.030880194449857346e+00,-9.414596698358246307e-02,5.468545835823844792e-01,-1.898760936072391992e-01,-1.112031286984533240e+00,1.163232540199948817e-01,1.381603970408731064e+00,1.262301512736050402e+00,7.463848576184056727e-01,8.216051073692672846e-01,8.378301694079429707e-01,1.080975900160663083e-01,-8.032029787913439467e-01,1.207775224514024526e+00,-3.431739804746039568e-01,3.253399810104422585e-01,-2.019062926174121086e-01,-5.151953264036108343e-02,-1.919482262173131670e-01,-3.449846405916651704e-01,-3.357604138755745926e-01,-5.244037415264931612e-01,4.912560520153379240e-02,3.800964888007534737e-01,-4.307682167803493778e-01,1.252614776954831255e+00,3.549075571046281241e-01,-1.960294322161769964e-01,2.093212375689943894e+00,3.155448744877528133e-01,-3.330651308585062809e-02,1.719062894263661878e+00,5.284090730494512833e-01,-7.889644692657648006e-01,5.561386206138438926e-01,6.229569680235867990e-01,-3.481648654980538105e-01,-5.048496465869862782e-01,7.938476397931507611e-01,1.334899825143271768e+00,1.080774837846122521e-01,5.297535024578528540e-02,2.190330150932587039e-01,-4.714170373398249847e-01,-1.164982979472427571e+00,1.415452774395403734e-01,-5.052969654149298551e-01,-5.199496066599057498e-01,2.585960875963319028e-01,-5.022904601859328189e-01,6.216606601867595838e-01,-2.256189182409337413e+00,-7.338906800006264053e-01,1.039542896165129182e+00,1.434667311430780634e-01,-4.845464227327685447e-01,-2.539831732929935700e-03,-7.645890026230113268e-01,8.973882815841525140e-01,1.567163782937134986e+00,5.071288415423835794e-01,-5.479521611776042578e-01,9.644455425638822632e-01,5.226639171854859933e-01,1.823994284340814398e-01,-5.180732711471670582e-01,1.146156865214918774e+00,3.595254572105245350e-01,-1.117297543125563397e+00,-7.202915261712308781e-02,-3.326940571983938999e-01,-3.339970748772293496e-01,4.070677288624687667e-02,-1.162671675855783793e+00,-3.068890557684870735e-01,-7.781334398623179771e-01,2.353231611269931273e-02,7.670515504176398380e-01,-9.144682510636285011e-01,1.885466012672491809e+00,9.596403283310428467e-01,1.088455496846080228e+00,-1.430160407417604196e+00,3.377850731963578657e+00,1.542627503027026892e+00,1.489353784047215079e+00
5.614262792642474853e-01,6.866623150061520464e-01,-7.991643956281387906e-01,1.724693031952000410e-01,-7.411257284503078857e-01,-7.808342607269072033e-01,8.729062441901411784e-01,4.427307596086773600e-01,7.631172029408008761e-01,1.376489911641541442e+00,-1.719745220597363178e-01,-1.076932016794895919e+00,-4.380637123775416586e-01,5.827946872356010166e-01,8.553915332599910659e-01,6.470009816343756937e-01,5.329636930090074498e-02,5.996273589059064602e-01,2.391531270310178314e+00,6.450017829434661065e-01,-1.240804066994873445e+00,1.167692593660630607e+00,-4.065922059419865287e-01,5.704400395722311057e-01,-2.235378089453813610e-01,-3.842084722822845522e-01,1.413708335678353301e+00,-8.778485811461551880e-02,-1.106151623661991046e+00,9.364279342151390906e-02,5.284181616125763759e-01,-7.732834987188477172e-01,5.066604787495648798e-01,6.247364300912734425e-01,9.750285816275029438e-01,1.328844407093600521e+00,2.333794940048951327e-01,-5.495848840472143948e-01,1.673497824885573637e+00,8.220097978904591374e-01,1.968148566184543480e+00,4.957616409623120113e-01,1.207743038764945265e+00,-5.733424667988358536e-02,2.505881222004235354e-01,-7.010837263693823207e-01,4.708730393863143071e-01,-1.536739740766657647e+00,7.430618033669039724e-01,1.387575449797586735e+00,2.216345540439131345e-01,-6.243099725098552044e-01,3.469307855805331409e-01,4.304717513618224745e-01,-7.497755609413379041e-01,2.106772773097773221e+00,8.030913560478780688e-01,1.296525799577122440e+00,-7.373253054551379693e-01,-1.481362655388263061e+00,1.438766090440839696e+00,5.809756131315253480e-01,3.951115443142274031e-01,6.956414789106704077e-01,-4.009629984343022757e-01,1.543601192597068017e-01,5.598063128853045800e-01,-8.407484734652141967e-01,3.961365351417878156e-02,9.638875880454901290e-01,5.610460752167011345e-01,2.522484636222611654e-01,1.587485111287750550e-01,2.148905398665517663e-01,-4.103832789887029153e-01,-9.528364646339303468e-01,-3.022288459755020362e-01,1.089744043718241379e-01,-8.644940164238509306e-01,-6.327154861187014312e-01,1.622496134141143020e+00,-8.982320750375050178e-01,2.688020791809311749e+00,3.024726070321119398e+00,1.133131132814209296e+00,1.468981187528549670e+00,5.867354864048694996e-01,-2.649449855243422025e-01,-8.745610860898206038e-03,-2.171175216908252381e-01,7.202840658502928095e-01,-2.420408395561796377e-01,1.098444650622248497e+00,-4.482555883753973625e-01,-2.632621343855043317e-01,2.128894930796600693e-01,-1.037908932655066604e-03,1.177525248125399493e+00,-2.148410260445705600e-01,1.387648581885055465e+00,-9.097001220820474798e-02,-1.140712020281592576e+00,1.712200548116082244e+00,-9.324746924310942653e-01,5.698852483730759699e-01,-7.915093219957962667e-01,1.646254401624823949e+00,3.084764302290091131e-01,1.010743768773591622e+00,-2.577563107406234177e+00,5.871333290974044550e-01,2.041913386854902424e+00,-1.570130448034846582e-01,5.369575446489568415e-01,-1.355514452353762112e-01,-1.104225125968602228e+00,1.110048105383899253e-01,1.353791381648320247e+00,1.267029545819098546e+00,7.904228935250597887e-01,8.357209607531488338e-01,8.042647133778720869e-01,9.947933961439207884e-02,-8.718876291714608984e-01,1.197440729466880738e+00,-3.090217119346848618e-01,3.419848448684415509e-01,-1.855552595258317117e-01,-5.241955003998706453e-02,-1.832805389311757682e-01,-3.656144689031607942e-01,-3.303587009639061267e-01,-6.291207376928358297e-01,2.619207220066099850e-02,3.688430854161385830e-01,-4.488104779790689225e-01,1.252201233068906516e+00,3.818929258646961977e-01,-2.276836216581999695e-01,2.086175524404032977e+00,3.252160966038420420e-01,1.987773403569586747e-02,1.682107069471835858e+00,5.467722062011965978e-01,-8.175123475863116385e-01,4.989201332992078131e-01,6.835235025561533506e-01,-3.333148173730879904e-01,-4.877882608590438096e-01,6.931556583742426447e-01,1.318210195658901851e+00,6.880835956940761777e-02,3.646086650193377382e-02,2.162429310519909109e-01,-4.691829474520299303e-01,-1.215766999458111508e+00,1.053594435393473139e-01,-5.130541105338805030e-01,-5.060136923057371172e-01,2.417615549626978000e-01,-4.546011523852174219e-01,6.342037931576453014e-01,-2.310831807414709616e+00,-6.786607580772852089e-01,9.927493476065986089e-01,7.880404495254439423e-02,-4.562867446631766466e-01,-2.062310889584775125e-02,-7.521248851957034187e-01,8.602824116882827887e-01,1.552310745916661405e+00,4.689867091864767246e-01,-4.948317929053252517e-01,9.737750832422894520e-01,6.298052941971157281e-01,2.007380688702644633e-01,-4.921579150165987793e-01,1.175960522034240396e+00,3.281741189009993453e-01,-1.191490594206165099e+00,-9.250699364157710658e-02,-3.515554076089083546e-01,-3.407417858619790074e-01,3.813355802066997757e-02,-1.196511655069374402e+00,-3.130214659357097307e-01,-8.455472433253371500e-01,3.936616167477811207e-02,7.579272176223413870e-01,-9.159886794613457672e-01,1.923389548974514307e+00,1.002013448182301092e+00,1.067641350823373303e+00,-1.447317203019734988e+00,3.365003930086013284e+00,1.506936908875590397e+00,1.490845053269866050e+00
5.274745879476977484e-01,6.869491885606097137e-01,-8.355657710090790280e-01,1.939357752350709951e-01,-7.483830367627309910e-01,-7.963016303488866798e-01,8.415026512857975982e-01,4.582502987777480330e-01,7.595707903285684459e-01,1.320480892948126650e+00,-1.231437028172280984e-01,-1.038890266645701610e+00,-4.749892292457405518e-01,5.522307355588537137e-01,8.037189542782045004e-01,6.593099400493843687e-01,4.045408620951612688e-02,5.179596754498240196e-01,2.345999695418282016e+00,6.237116898123679087e-01,-1.235398974965076002e+00,1.157576352473808079e+00,-3.694037804461907659e-01,5.606626794027008698e-01,-2.151108060720500481e-01,-3.091258539088843627e-01,1.441752751673762267e+00,-9.899142561535971552e-02,-1.094747391519509172e+00,1.051805032168656034e-01,5.784783133814511702e-01,-7.801228343687692801e-01,5.081436437558281005e-01,6.275766030675908880e-01,1.038185697704856025e+00,1.334817258772424520e+00,2.223371002352715897e-01,-5.561587889674413088e-01,1.646190157709156443e+00,8.225042371905242344e-01,1.977160580306973836e+00,4.782394289684218647e-01,1.230707047260128029e+00,-2.770420608987560207e-02,2.524104363628511538e-01,-6.948584307704175345e-01,4.710264029793351792e-01,-1.631871256707875473e+00,7.296713459300485649e-01,1.389958852663633726e+00,2.276439879647612075e-01,-6.154373859770598809e-01,2.963547482325880611e-01,4.281991750356296533e-01,-7.536950340530423897e-01,2.110435787066657021e+00,8.549323927847274351e-01,1.291484157293965707e+00,-6.589905218727526437e-01,-1.433320499065501519e+00,1.449489516467347139e+00,5.725926711168446426e-01,3.983405235855206894e-01,6.531678808722224394e-01,-3.693197214211525470e-01,1.576692493998896882e-01,5.544280971650723533e-01,-8.725854969738732203e-01,-2.515290245489869639e-03,1.019086586733432220e+00,5.456896902287102780e-01,2.513877575191234004e-01,2.007748165677153140e-01,2.296494306073941505e-01,-3.948619295195922585e-01,-9.042259514248767172e-01,-3.070000312438959655e-01,1.063598324830969111e-01,-8.824678427932080016e-01,-6.305628048081551862e-01,1.616294440888514039e+00,-8.300666181571060287e-01,2.074519195460078791e+00,2.991552579019581604e+00,1.187133001183032555e+00,1.465808486155841805e+00,5.919440180492561154e-01,-2.644704149524930159e-01,-8.450145638355820079e-04,-2.275555941186290787e-01,7.129582781365924049e-01,-2.432233427171355544e-01,1.104532727730180852e+00,-4.570553578540473283e-01,-2.897317407192011030e-01,2.811219313083455629e-01,4.272241998928069662e-02,1.179436141372022018e+00,-2.280976896601094872e-01,1.388725351965943267e+00,-1.050092757067523086e-01,-1.103689412880229037e+00,1.765494434051562589e+00,-9.230389939204659555e-01,5.416329561072770193e-01,-8.020739016039544200e-01,1.614722337026563759e+00,2.972917115605518412e-01,1.011026025834339315e+00,-2.541523591437910845e+00,5.944492163134184048e-01,2.047915130710653564e+00,-1.478655535599145976e-01,5.928029046625055143e-01,-1.680490595902173478e-01,-1.100103212114513784e+00,1.081687838226079446e-01,1.373539862931223654e+00,1.272337885681979142e+00,7.611525074549272407e-01,8.418573860942581977e-01,8.555947597318875886e-01,1.106161863856448269e-01,-8.845264069534192197e-01,1.200804071000500128e+00,-2.987868674704078908e-01,3.749988343447261396e-01,-1.711975627172506176e-01,-2.152056284862024008e-02,-2.334903726756528408e-01,-3.385005488515243632e-01,-3.368533587420962094e-01,-6.098653463741615655e-01,3.559377491636805252e-02,3.970111352233446911e-01,-4.418333702546045627e-01,1.253540643850922898e+00,3.844079476642536797e-01,-2.180680570798065598e-01,2.128841531191544512e+00,2.944178326567204462e-01,-3.215328249000254379e-03,1.693707938291415083e+00,5.725431182394458141e-01,-8.152035737165085338e-01,5.705421578572111851e-01,6.090131880809683818e-01,-3.532511209349454284e-01,-5.238519098526606133e-01,7.002163710807928210e-01,1.314608645226141403e+00,9.259353254924827803e-02,9.065488609496280548e-02,2.471357092160549329e-01,-4.683960439636571382e-01,-1.224979086761226910e+00,1.125513910369262960e-01,-5.101628391141821428e-01,-5.031730919409656000e-01,2.106134185698884664e-01,-4.159506471171477426e-01,6.250054056648546297e-01,-2.297813042930201721e+00,-7.211452335298363936e-01,1.026458655884279425e+00,1.071541251847660942e-01,-4.496561530047005206e-01,-1.041465078077535855e-02,-7.798325710459391713e-01,8.402705548944398029e-01,1.583762315641638052e+00,5.267246324635599386e-01,-5.573969088538305305e-01,9.363573633017189257e-01,6.436795049796748547e-01,1.952238279326472814e-01,-4.897028999395318105e-01,1.146933187530797982e+00,3.144978896883324770e-01,-1.191928709032904488e+00,-8.415547645319218506e-02,-3.226393433478116912e-01,-3.375483775651471063e-01,1.052815094491003634e-01,-1.234625632377800430e+00,-3.327332844022062863e-01,-7.977405471347882582e-01,8.407211956807641995e-02,7.550070326338268467e-01,-9.214909945971224703e-01,1.924018648827745537e+00,1.005364374918001902e+00,1.077260724086676502e+00,-1.402402537613893108e+00,3.343322795551892490e+00,1.510975534178780055e+00,1.492941236384724091e+00
5.333171818784093743e-01,6.727559105200795475e-01,-8.356493916028640001e-01,1.985399333784678144e-01,-7.640942217866488750e-01,-7.734113526437380592e-01,8.683147222062896908e-01,3.181126328206270171e-01,7.786587121084938001e-01,1.374728301847255585e+00,-1.100598839567082793e-01,-1.025040243641793580e+00,-4.574802523621755990e-01,5.663604130435727635e-01,7.914181918662719362e-01,6.433024746105439062e-01,3.455871273809600630e-02,5.349488150540712139e-01,2.415438899298598674e+00,6.465682265280257024e-01,-1.219506144724824992e+00,1.152992519940666316e+00,-3.847125050555311732e-01,5.601019333206423978e-01,-2.242658186609581550e-01,-3.584706640056798954e-01,1.423231083601641966e+00,-5.755720404322707540e-02,-1.098983711097043736e+00,7.303197655958638956e-02,5.936416597691147601e-01,-7.643970071765074925e-01,5.141793365760192192e-01,6.578700017309813131e-01,9.715465210578294597e-01,1.338739516629167348e+00,2.241552830281471898e-01,-5.156033957338088669e-01,1.632273896032909732e+00,8.190682389754031512e-01,1.976159168013785106e+00,4.412526836201371983e-01,1.209925527428515668e+00,-3.578957784397514968e-02,2.520083262258608903e-01,-6.919110284558452895e-01,4.253326094790507161e-01,-1.536792375229372620e+00,6.975754726417845442e-01,1.414266870356342132e+00,2.328386397597982105e-01,-5.698177914051626436e-01,2.983491794012212428e-01,4.420144565311612816e-01,-7.678961334284598594e-01,2.097332163400465355e+00,8.057100624516558840e-01,1.313586621696518852e+00,-7.075534725123484581e-01,-1.500613644462732932e+00,1.430802403289506364e+00,5.710492154839336143e-01,4.015420751814680056e-01,6.594294818474052411e-01,-3.776235180175089856e-01,1.627705412273784402e-01,5.698830417008936555e-01,-8.582744398463938440e-01,3.408015136460412764e-03,1.014049394981999530e+00,5.505823892959154087e-01,2.337732796860331475e-01,2.009446285994680170e-01,2.164827585916117292e-01,-4.213878280406112564e-01,-9.699323418100255223e-01,-3.344173028627808741e-01,1.230498066609482521e-01,-8.505519174637520274e-01,-6.262857653664521962e-01,1.608269933927075845e+00,-8.550199924706443078e-01,2.052577830664513936e+00,2.998667364700082327e+00,1.194827619538761931e+00,1.460369632000872775e+00,6.371550410870298053e-01,-2.851446298443077731e-01,-2.822424402724411224e-02,-1.846500101900044044e-01,7.264990302387018817e-01,-2.425561922191415143e-01,1.080449459574293281e+00,-4.811529412303944264e-01,-2.562464399525315462e-01,2.715803714540460101e-01,2.788564938437772950e-02,1.180163165768431499e+00,-1.946305595695439483e-01,1.393780040277747378e+00,-1.098078142571238675e-01,-1.161568030702164966e+00,1.746641581793530573e+00,-9.131333087992962172e-01,5.926878605259735533e-01,-8.211766270967530978e-01,1.649469082919698071e+00,3.277572847300752601e-01,9.818714952928127015e-01,-2.608857047119374162e+00,5.955960899907136730e-01,2.020146319206459040e+00,-1.005200712981808991e-01,5.584009983759278262e-01,-1.837312729075469553e-01,-1.077340803760436394e+00,1.524310186705589987e-01,1.374249779007284955e+00,1.271987211583593291e+00,7.867863811460034107e-01,8.527663646269469933e-01,8.695629785630556441e-01,1.102659497787742415e-01,-8.635254211870929675e-01,1.178796879864772551e+00,-2.859325322010444204e-01,3.502705360423179481e-01,-1.753517869748686120e-01,-1.536592491949971030e-03,-1.916303686319450750e-01,-3.374499467939596209e-01,-2.981943798924789890e-01,-6.408924334172050319e-01,3.847726586570621166e-02,3.680547689234399678e-01,-4.600916455251065629e-01,1.260920446573772669e+00,3.906531812942439230e-01,-1.966000947902729334e-01,2.083243146183328509e+00,3.081583491098515704e-01,-2.737911742054733796e-02,1.681098534431685110e+00,6.059789208656075621e-01,-8.227769594827897270e-01,5.038924793797833201e-01,6.787922577081362263e-01,-3.429691869208731370e-01,-5.108462581134861624e-01,6.916536954974575879e-01,1.280581324289818523e+00,7.898806009783411464e-02,8.085590457231615902e-02,2.011537309191926415e-01,-4.638071062062846805e-01,-1.223417600855110976e+00,9.348856599533821032e-02,-5.141218480287428338e-01,-5.477615572657905663e-01,2.416821133898501839e-01,-4.628474172905744366e-01,6.491624954318593321e-01,-2.228430252526849120e+00,-7.435808058159231182e-01,9.947262350311230072e-01,1.393868309062014366e-01,-4.807820383303635370e-01,1.884865775786001910e-02,-7.393527734737483925e-01,8.434417841812482663e-01,1.575614560146785470e+00,4.894330926440270124e-01,-5.282603965937326951e-01,9.550837308208477427e-01,6.274721851517709448e-01,1.729428931180344853e-01,-4.531827086611330269e-01,1.150317509760624857e+00,3.653680510068949561e-01,-1.197209762566377345e+00,-9.568066901434878202e-02,-3.412989263299606724e-01,-2.971090892597196831e-01,7.692618812333627820e-02,-1.199634778347085540e+00,-3.185657425062856651e-01,-8.342755600911849756e-01,2.731387129579253281e-02,7.419401033806162227e-01,-9.449445549775695730e-01,1.894586844547951898e+00,9.879844527280016164e-01,1.045074077506777277e+00,-1.433377356794995672e+00,3.322905942396027879e+00,1.519419876981344508e+00,1.622835610077153934e+00
5.813810738183105009e-01,6.756228468576745971e-01,-8.400867359759589537e-01,1.687299162943019515e-01,-6.874008845253127831e-01,-7.983505835146595953e-01,8.544151883756787580e-01,3.562162455429820906e-01,7.494615758683009776e-01,1.370616431874639440e+00,-1.069029724399062492e-01,-1.055656729867037180e+00,-4.570370700866420721e-01,5.606792401885684063e-01,8.121955131143420159e-01,6.297149654859589551e-01,5.603528766136205846e-02,5.379308050913960138e-01,2.413199717446629755e+00,6.246842317730696426e-01,-1.272600976306852871e+00,1.167343333219965196e+00,-3.917024838954450416e-01,5.165752144988947636e-01,-2.200512339723750266e-01,-4.056940682594418202e-01,1.377309349408977202e+00,3.394560499306926559e-03,-1.105032112811275224e+00,9.193587413702550282e-02,5.694303801931381859e-01,-7.922937644344291153e-01,4.910057656036387885e-01,6.141938042617198779e-01,1.022124044746595795e+00,1.303303351091106954e+00,2.241460950197010915e-01,-5.132130545045413550e-01,1.696333234949386704e+00,8.026148143629824316e-01,1.982904366122564932e+00,4.811062603213850930e-01,1.214845119509803339e+00,-3.081002417024516354e-02,2.558416590049594208e-01,-6.925613998117313708e-01,4.506240821882916969e-01,-1.688673813946180990e+00,7.185962901013476234e-01,1.392866018260143779e+00,2.115722765029812436e-01,-6.287515685167617274e-01,2.868617694440042110e-01,4.576804783838894775e-01,-7.561185267874512839e-01,2.101883960234327997e+00,8.770143526586892113e-01,1.309867775574326876e+00,-7.078706944980280857e-01,-1.454239003235816119e+00,1.333437603914906289e+00,5.845627490703304563e-01,3.616478370688765986e-01,6.563190660766665685e-01,-3.941966340203393315e-01,1.988596642845968099e-01,5.548423623164006058e-01,-8.292718918936532457e-01,1.245394414557193449e-02,9.959652383956945076e-01,5.426142230566862734e-01,2.569824568890823890e-01,2.168423576288480981e-01,1.932816995540161398e-01,-3.905309463983558382e-01,-1.013135199477862125e+00,-3.684134210109493157e-01,7.987134457404185262e-02,-8.521895424690913989e-01,-6.305011178220877310e-01,1.598607128842725045e+00,-8.298847397935231740e-01,2.071883828035573583e+00,2.975381954737158718e+00,1.109448919109732756e+00,1.386721641523675164e+00,5.924360864431760243e-01,-2.660880682222454552e-01,-2.832353306161768808e-02,-2.032732672727333711e-01,6.740201251875770350e-01,-1.905170728432206140e-01,1.081470288754706965e+00,-4.674866438352462406e-01,-2.700436650395137139e-01,2.819411933427908301e-01,3.195745208215700073e-02,1.149645622849105653e+00,-1.814837441143069829e-01,1.369311019093478743e+00,-9.512070810647461905e-02,-1.114856370845153988e+00,1.755687178867569420e+00,-9.232152129111299566e-01,5.728526371673420270e-01,-8.145540903973205182e-01,1.652507663129503257e+00,3.383078002786743532e-01,1.011189279010257236e+00,-2.606330089052780519e+00,6.365547549368342217e-01,2.037362014092412910e+00,-9.406586891371594705e-02,6.138228112603487663e-01,-1.880767308890253509e-01,-1.116925345278059867e+00,9.320245272053188923e-02,1.375499287218728828e+00,1.265355187423864658e+00,7.937390666719561505e-01,8.314910751888493490e-01,8.330199239704110248e-01,8.612531465600190006e-02,-7.644690742497701752e-01,1.174525626315727767e+00,-3.025833815871136756e-01,3.094609099337279345e-01,-1.731935984477432633e-01,-5.965044850238180457e-02,-1.775439283861545148e-01,-3.303036391428369467e-01,-3.442006772278034532e-01,-5.570736041964537977e-01,3.021607633639208229e-02,4.371266962864318040e-01,-4.688132417649557016e-01,1.250824834183763334e+00,3.509696360969906670e-01,-1.925699224367175000e-01,2.135061487698681759e+00,3.068433795360372973e-01,-3.051070433389303782e-02,1.703513693715680288e+00,5.206745567835424637e-01,-8.334926231979150613e-01,5.112576891765455711e-01,6.324447299738141792e-01,-3.366514140110778430e-01,-5.318989350229201829e-01,6.612758871567112617e-01,1.276262125294882699e+00,9.884674770287966983e-02,4.241799958576666224e-02,2.356789564463560582e-01,-4.358675571801825521e-01,-1.228330139552659128e+00,1.252482730981722692e-01,-5.017789626047608476e-01,-5.293359809377305991e-01,1.919652860218024615e-01,-5.115232967775941164e-01,6.204831431668164088e-01,-2.259101024086729304e+00,-7.139385716084623024e-01,1.016622140055165158e+00,1.037162283703391003e-01,1.360106484759233014e+00,-1.850640708827709299e-02,-7.514905723659776049e-01,8.265474689895525584e-01,1.566323642157287255e+00,4.881698114088803830e-01,-5.135643756666311566e-01,9.268314372184289773e-01,5.220479235708930243e-01,1.722321178399525698e-01,-4.789870943382002477e-01,1.158404642344908808e+00,3.361022449045469318e-01,-1.138398647309359912e+00,-7.382645331329640292e-02,-3.513046914681083321e-01,-2.768282417743507806e-01,3.927756467022675696e-02,-1.243027718717198526e+00,-2.803880808100323030e-01,-7.861402193117086323e-01,3.099285244954880225e-02,7.669955039759792648e-01,-9.433946983030018218e-01,1.934767173623854530e+00,9.792187689316852461e-01,1.052214859431648719e+00,-1.443271829714507737e+00,3.384815092835435468e+00,1.510852737789926126e+00,1.659919177166998550e+00
5.412156145319055867e-01,6.743310246777252104e-01,-8.361431115565521877e-01,2.092857069818474525e-01,-6.833132000423047803e-01,-8.040248858136356258e-01,8.616038775274134087e-01,3.606223204468936294e-01,6.638981819335992851e-01,1.371248859024688072e+00,-1.175379023881535506e-01,-9.713340794843980941e-01,-4.283194157749489195e-01,6.283990166440406311e-01,8.747998023468477324e-01,6.395072665565390002e-01,2.269168256666762723e-02,6.087712855727687167e-01,2.407288706408893031e+00,6.233894886100831423e-01,-1.269314957735058425e+00,1.142998962405206154e+00,-4.121165862339640773e-01,5.602871426190738635e-01,-1.965921078182168713e-01,-3.820010153097481709e-01,1.380257430904889393e+00,8.716128927247460308e-04,-1.085107780722961879e+00,7.403138919252576222e-02,5.677268379695595835e-01,-8.000655971340510098e-01,5.168331150789237105e-01,6.031686342869669870e-01,9.716843325462350967e-01,1.314797682085679931e+00,2.313956710790855409e-01,-5.171940117035717099e-01,1.701078117174676496e+00,8.323245497414104577e-01,1.961303638548973494e+00,4.475705879683841704e-01,1.219934188547334930e+00,-3.302593856881019807e-02,2.439472573750211815e-01,-7.506702636335396139e-01,4.787121735615457729e-01,-1.690205244889661396e+00,7.544436114084319689e-01,1.412259553301006498e+00,2.392462527477850487e-01,-6.316666073274020965e-01,3.961085987720819324e-01,4.350140887997730466e-01,-7.566258975218933536e-01,2.097628343902803394e+00,8.462161096197808874e-01,1.311005884487692397e+00,-7.048096290317796830e-01,-1.410816249276971579e+00,1.436184310679714304e+00,5.868319514316989727e-01,3.980522320695463190e-01,6.474117583014579180e-01,-3.910262440425884556e-01,1.553528581247552998e-01,5.584954423858441430e-01,-8.709414864671664036e-01,5.237717171279059059e-02,1.020711925532166608e+00,5.288295912944985799e-01,2.708801044066523334e-01,2.049757089048632464e-01,2.238897903201170492e-01,-4.257230655133551478e-01,-9.083127242660745670e-01,-3.430412856477177974e-01,1.306555572657921438e-01,-9.044089198113670625e-01,-6.380095573054749281e-01,1.607297252418584232e+00,-8.510736591100734882e-01,2.096036312064850193e+00,3.015760570994804546e+00,1.194948817095371485e+00,1.459086980677671175e+00,5.885266041216848931e-01,-2.668336600194654573e-01,1.526641908718414688e-02,-2.036476852266822790e-01,7.371663250262630029e-01,-2.464251711634995734e-01,1.097490680813881125e+00,-4.682205587931253521e-01,-3.018210341049239465e-01,2.748080601542654544e-01,3.825636097288408893e-02,1.189204901428063899e+00,-2.152370556408491342e-01,1.347693398737444204e+00,-6.901037051095873509e-02,-1.101592018178769061e+00,1.787258837242662768e+00,-9.072480964432113604e-01,5.831223591225541680e-01,-7.870258976408859297e-01,1.635299583311766947e+00,3.463674588437739010e-01,9.835624571484524736e-01,-2.608362158381145601e+00,6.337333392658169862e-01,2.028516186272198762e+00,-9.113019193176058463e-02,5.544450590948697410e-01,-1.765675804323042219e-01,-1.098265755727985127e+00,1.452229041430493917e-01,1.369982902146751558e+00,1.256658923271482653e+00,7.740967444178605827e-01,8.372661729450976420e-01,8.714480623342688581e-01,1.240203953908821655e-01,-7.619230796130906924e-01,1.174650094273466561e+00,-2.876824650848669451e-01,3.491941501316482843e-01,-1.774066806326307921e-01,-3.715530519707574419e-02,-2.008235846373421507e-01,-3.388838972272046890e-01,-3.492503953014805540e-01,-6.251153937592605070e-01,7.103570486949729867e-02,3.875809257346818359e-01,-4.470482740103666197e-01,1.287990663223048449e+00,3.899034658992485691e-01,-2.245715984569812140e-01,2.088530270854573434e+00,3.092786386312470492e-01,-2.247086116600418779e-02,1.680566647375399070e+00,5.744179943508259667e-01,-8.070348440274111024e-01,4.919064812034982803e-01,6.349764878689708736e-01,-3.517830350285967578e-01,-5.223391183258168091e-01,6.875138632510350289e-01,1.281928148085437869e+00,1.092147387811501780e-01,7.710031908634489006e-02,2.404477714271677502e-01,-4.586529964515859148e-01,-1.171091839324021056e+00,1.294148957036593273e-01,-5.016629391044208353e-01,-5.483707421135926019e-01,1.483873540908792477e-01,-4.838367643625415271e-01,6.006778202598076488e-01,-2.217593897031282513e+00,-7.411197826550932621e-01,1.033642540352462946e+00,7.152848505568255855e-02,1.380551361302985613e+00,-6.021254354028282574e-02,-8.093681559220970989e-01,8.814096857542608188e-01,1.568544718148396910e+00,4.793248544612446205e-01,-5.201805184998697928e-01,9.501407431625175093e-01,5.330372022126235176e-01,1.769599229623489700e-01,-5.250925571788360724e-01,1.156234246210405825e+00,3.336723044265983429e-01,-1.212291946750081451e+00,-7.881987753937702568e-02,-3.368254593664031238e-01,-3.170297212054296043e-01,9.098705629141480566e-02,-1.238783654826040692e+00,-2.909021775101629514e-01,-7.904711004429285648e-01,5.565312055688373394e-02,7.496488832904775190e-01,-9.418502935121206843e-01,1.933362963574836835e+00,9.971600528662279972e-01,1.074829816605789690e+00,-1.432200997902725925e+00,3.306065609133453709e+00,1.523439288832121319e+00,1.735945959835901942e+00
5.299582297837728273e-01,6.892093665634696498e-01,-8.416560153433054747e-01,1.858451025510452215e-01,-7.689671926381684841e-01,-7.675596309333090339e-01,8.716144088113461086e-01,3.217435485934224126e-01,7.801595033382240363e-01,1.335288235143373692e+00,-1.062858273492525152e-01,-1.037520947381850300e+00,-4.783599306782246319e-01,5.554284289492845694e-01,8.738215746936299766e-01,6.908746069139056756e-01,4.347000017824802220e-02,5.111771723812411627e-01,2.404812522553076093e+00,6.181071919324206965e-01,-1.227618479626707559e+00,1.147693722938439187e+00,-3.655883848404556935e-01,5.513817753105568764e-01,-2.242474392675828376e-01,-2.968687515542776101e-01,1.426990736626179590e+00,-3.172597503028370784e-03,-1.094379929843663835e+00,1.046404418130080921e-01,5.902390032341399140e-01,-7.600675551060072088e-01,4.682928408977941603e-01,6.338381206773263665e-01,9.495779103650909825e-01,1.339666544175577290e+00,2.418644994934754378e-01,-5.598439348038023455e-01,1.713314681530865746e+00,8.293421810251658810e-01,1.967693026036531512e+00,4.382246944329917793e-01,1.198372848682512481e+00,-5.908706893530477067e-02,2.484023440466823218e-01,-6.908808655746287997e-01,4.719645605373552488e-01,-1.631879213173681231e+00,7.544506893628672994e-01,1.393282592812909337e+00,2.206597791747353376e-01,-6.108585280975699083e-01,3.832231573405478486e-01,4.267243339136874702e-01,-7.550595206257826320e-01,2.090417939967136096e+00,8.111803008883903265e-01,1.302716359668077750e+00,-7.241551411473279298e-01,-1.468601092433976074e+00,1.432701538492754612e+00,5.657036756954924028e-01,4.002103918851249720e-01,6.523147016462127468e-01,-3.752892590702037734e-01,1.656699726854754806e-01,5.624500938641396885e-01,-8.381827937030426057e-01,9.984223089732045114e-03,9.825575696717653296e-01,5.528439961554292292e-01,2.387007080067498899e-01,1.948413363385252950e-01,1.848939514688381358e-01,-4.078256596635317921e-01,-9.652937126697317405e-01,-3.172366579465974445e-01,1.066711614770450012e-01,-8.619592202941998016e-01,-6.474923884403088747e-01,1.640540444073256499e+00,-8.916441516783529808e-01,2.063395368859539669e+00,3.026754782632293583e+00,1.185021526875885911e+00,1.475247110176981735e+00,5.969056798094842797e-01,-2.699918125490763376e-01,-2.422474517361355648e-02,-2.031539897217915502e-01,7.222922280626277169e-01,-2.461490593619997391e-01,1.082291157848296992e+00,-4.520160059254885176e-01,-2.857457818294815710e-01,2.328701808444380017e-01,2.105790581378684176e-02,1.192376570775076861e+00,-2.197856606916847311e-01,1.390463467806697828e+00,-1.024328127707352099e-01,-1.172063106168143687e+00,1.770150427224973066e+00,-9.376646148019101012e-01,5.441966993958167187e-01,-7.922133774352301261e-01,1.623375631322040658e+00,3.139791742130425556e-01,9.645890559843434131e-01,-2.537713609750479549e+00,5.906332229027085878e-01,2.044073649040416552e+00,-1.546219327340404570e-01,5.663792179072851818e-01,-1.379906974457831559e-01,-1.094947325959921836e+00,1.481615311109848732e-01,1.357579261400286175e+00,1.250116780289284080e+00,7.379904008734183840e-01,8.428284402471885040e-01,8.706614689613174640e-01,1.226718361776019256e-01,-8.768797800575214296e-01,1.196195540640717203e+00,-2.810764134226576560e-01,3.506532196119450662e-01,-1.930283621004382222e-01,-4.968611709930424725e-02,-1.885430929833725733e-01,-3.416314289519767344e-01,-3.362318319117010290e-01,-6.409919343984414875e-01,3.776849612922490024e-02,3.864252634141898124e-01,-4.550023227838541628e-01,1.246364341443588097e+00,3.908796571286176080e-01,-2.090642820158351289e-01,2.095287467599265874e+00,3.289843761096984953e-01,2.780664224220994601e-02,1.682374255261664064e+00,6.075305307110299147e-01,-8.056503876667309161e-01,4.925944654866317718e-01,6.774235787917302076e-01,-4.430734413588622855e-01,-4.673223637053626200e-01,6.923255752360096826e-01,1.289571804669298105e+00,6.924644406694743792e-02,-8.008382559588873156e-03,2.209267294057010445e-01,-4.632386436182400757e-01,-1.229387023991867389e+00,1.040532360322565658e-01,-5.050713027932131061e-01,-5.262253662725090431e-01,2.134001658269914226e-01,-4.912553123964148449e-01,6.249972441788691491e-01,-2.281443291001340246e+00,-7.405424933432205314e-01,1.033358832260800719e+00,1.503612263392843373e-01,1.402706185893189739e+00,-3.499128214949312476e-02,-7.677316803016105418e-01,8.417238765018115743e-01,1.555169748417926545e+00,5.064461457706149750e-01,-5.246592491659025637e-01,9.520406687352402919e-01,5.732067759769970960e-01,1.913956315826025323e-01,-5.273098622259806412e-01,1.139961770595192103e+00,3.487562170585749022e-01,-1.190572312105899311e+00,-1.027433041588341617e-01,-3.485795511213914954e-01,-3.323520472905787115e-01,1.230578593870881587e-01,-1.201592569429333013e+00,-3.202005726058353985e-01,-8.447917739063742770e-01,-4.442205229000148123e-03,6.816332539442579996e-01,-9.407834948039962564e-01,1.923176510297444297e+00,1.006999806101231298e+00,1.060568807219938181e+00,-1.426924618648788501e+00,3.334961122087383600e+00,1.539361037200661197e+00,1.844556950400394246e+00
5.923644519438767686e-01,6.602970782161885488e-01,-8.506544937744686674e-01,2.175185035078265050e-01,5.606542967709693404e-01,-7.930964936646892616e-01,8.401561821997388657e-01,3.598541710996020493e-01,7.531466951840329882e-01,1.366366047798430072e+00,-1.363350179462970435e-01,-1.009377589080398208e+00,-4.293504629851523369e-01,5.665170051597306911e-01,7.997144245851943722e-01,6.648848349755279719e-01,7.626076660816966113e-02,5.345341607483601321e-01,2.412750121168653283e+00,6.354613695922699534e-01,-1.277197564222654513e+00,1.135613158774217757e+00,-3.976929153694977459e-01,5.433492876273199323e-01,-1.891590463975495184e-01,-3.934368914076115664e-01,1.386528391628356172e+00,-1.987282530558515461e-02,-1.105063666714636295e+00,8.732469127826103517e-02,5.705227996829370651e-01,-7.682836409351329054e-01,5.423310127867749797e-01,5.983521016018598093e-01,1.031284344784745288e+00,1.370089587349226035e+00,2.382172820121669365e-01,-5.529744571182246826e-01,1.700316918365147201e+00,8.250844244225143953e-01,1.965255658168239439e+00,4.320178669565990504e-01,1.214102897958097671e+00,-1.378823747195316064e-02,2.857761051282281528e-01,-6.584061250004779042e-01,4.393626774410270275e-01,-1.655060373104562998e+00,7.059207650518070087e-01,1.404439718619260979e+00,2.539109911325566626e-01,-5.859597389912810650e-01,3.709326214241873143e-01,4.513216958480683605e-01,-7.521465659830235406e-01,2.091690586940508467e+00,8.415208022878027938e-01,1.318096254700611869e+00,-7.099983478702007744e-01,-1.508749686177909943e+00,1.428706687099278394e+00,5.735023166734698474e-01,4.030718644318870836e-01,6.753460589295948724e-01,-3.869938301308146755e-01,1.996047941437272821e-01,6.291782672041917879e-01,-8.477503602472589161e-01,-2.096240667068264424e-03,9.958789840544146621e-01,5.389955530425305508e-01,2.634164235536922138e-01,2.123444156072042954e-01,2.070724727347029448e-01,-3.759460234820887203e-01,-1.020546924553722645e+00,-3.056669947279082589e-01,9.894664419070511863e-02,-8.401722721182300901e-01,-6.172892391340604190e-01,1.612547509880265961e+00,-9.035127339953964443e-01,2.664549569619136804e+00,3.001530249494202884e+00,1.125683221328571237e+00,1.361750509090681627e+00,5.926827970890948816e-01,-2.704926410121405445e-01,-1.009387146036317198e-02,-1.871573654606491777e-01,6.903946290435063471e-01,-1.927626445114812848e-01,1.090840660331496847e+00,-4.724021335678090794e-01,-3.047318586920678696e-01,2.921026801406627071e-01,3.592057756894768972e-02,-1.568136827305343373e-01,-2.537410783362251676e-01,1.368042225719497296e+00,-8.059683328979705408e-02,-1.253533289139117546e+00,1.756953486318134416e+00,-8.911648341026130460e-01,5.792488018300583352e-01,-7.878754689180210713e-01,1.635145211086366457e+00,3.699485949939517182e-01,9.986299237585898325e-01,-2.612212574556168843e+00,6.254831288143671841e-01,2.055445812178675169e+00,-9.316462043797096859e-02,5.741277077160389375e-01,-1.252467647628914549e-01,-1.117393756187176068e+00,9.867218414940497062e-02,1.370196275543166475e+00,1.249118596143217408e+00,7.854956354267923491e-01,8.431344196878983732e-01,8.654059219006443593e-01,8.692208671642254192e-02,-8.894971281409322916e-01,1.194768403641491172e+00,-3.211169599035004207e-01,2.935610290204839212e-01,-1.730021249102117464e-01,-5.275616756545133124e-02,-2.020856329676476992e-01,-3.457754739184532022e-01,-3.375597703957284867e-01,-5.877629297863367075e-01,5.448866655318893720e-02,4.472815392639449272e-01,-4.267886733797859322e-01,1.206890778188682400e+00,4.077041523726292471e-01,-1.898751290550254878e-01,2.109206417319551718e+00,3.178670573687213396e-01,-2.382812474848368736e-02,1.682086142486064917e+00,5.623602331428977363e-01,-7.805992169177707884e-01,5.143788469075982750e-01,6.898415790349009535e-01,-3.484161421616391863e-01,-5.339757131529019318e-01,6.667143320226098790e-01,1.280211326940616789e+00,9.493420044893732812e-02,4.351608315042088115e-02,2.099368714549947612e-01,-4.474423796646678775e-01,-1.216955651431581575e+00,1.392593512945760059e-01,-5.076708526251721976e-01,-5.132972198295258082e-01,1.968849320825644122e-01,-4.504583253701104351e-01,6.633762829243283754e-01,-2.258562162701353238e+00,-7.085660700631010167e-01,1.035055497327535434e+00,1.113153741009512143e-01,-5.140245439571762276e-01,-3.270443707577914277e-02,-7.764282148102638059e-01,8.355283099464900776e-01,1.566284320745464420e+00,5.140365547657178569e-01,-5.306832149123636988e-01,9.306621435013240351e-01,5.363103824603658865e-01,1.522423900753739623e-01,-4.587806296175888643e-01,1.156075764457916266e+00,3.447908915267884900e-01,-1.200597858379571115e+00,-8.293628755373801120e-02,-3.797977246828140863e-01,-2.702832186554913751e-01,3.861326410851321361e-02,-1.117179157362369057e+00,-2.642758660750735844e-01,-7.655523606734192521e-01,3.056971247941917338e-02,7.483825989505115128e-01,-9.214760539243894710e-01,1.945346877361411986e+00,9.683642561763442513e-01,1.067085095436261399e+00,-1.448834134257553030e+00,3.308224302245195592e+00,1.511570747574408013e+00,1.854996572301965019e+00
5.966952848300403067e-01,6.657652420305161245e-01,-8.449485779602587954e-01,1.654258375994936969e-01,5.593442639459946797e-01,-8.090281794621040357e-01,8.255910306302438606e-01,3.542172605331778690e-01,7.881312552153335593e-01,1.362097886587390505e+00,-1.318146692887191551e-01,-1.051909220012870128e+00,-4.215500539285378379e-01,5.842806450097389748e-01,7.943227363099576444e-01,6.327235365748038465e-01,5.965099145709904654e-02,5.116817695416757683e-01,2.358752591798340958e+00,6.345278669380856051e-01,-1.268059512328637561e+00,1.143447529638243365e+00,-4.146111229024918021e-01,5.588939946351366705e-01,-2.257800696026063814e-01,-3.925122244497343815e-01,1.381924053413917219e+00,-6.051246083885962468e-02,-1.143719810170655382e+00,9.639760257231240470e-02,5.506284443997404576e-01,-8.056207789804274988e-01,5.053074265885543204e-01,6.120395168175124523e-01,1.042621423279372239e+00,1.298380332995106912e+00,2.502485636509764189e-01,-5.187572439944366787e-01,1.672703573224335827e+00,8.319123031565105464e-01,1.972021931976654097e+00,4.940223153289431957e-01,1.224237915839307300e+00,-3.186493692608066697e-02,2.794298794303285982e-01,-6.671850625339345031e-01,4.819032790130687860e-01,-1.661902367567188454e+00,7.208685875153986178e-01,1.420746627107289495e+00,2.899895866997772020e-01,-5.655110770987509250e-01,3.979602350381625242e-01,4.383656025633510533e-01,-6.787877770730882387e-01,2.096733153712933451e+00,8.105517425046453450e-01,1.310771941578510846e+00,-7.021761202008920399e-01,-1.449778083201619161e+00,1.454160930981069688e+00,5.893126506270605081e-01,3.663042856390624769e-01,6.967104717367310629e-01,-4.480371782814987491e-01,1.632948121169811306e-01,6.128983860286072449e-01,-8.657082438396093149e-01,-2.208926675194496786e-02,9.855362971071021105e-01,5.433776802537585437e-01,2.528428899379517314e-01,2.196206184871730416e-01,2.140089182326332107e-01,-3.988135054678437763e-01,-9.503604434786314670e-01,-3.355163427113139751e-01,6.566133393803517959e-02,-8.779117241479729161e-01,-6.306308088326657568e-01,1.611242578096660383e+00,-8.740789829285023904e-01,2.099250957986008803e+00,2.990410366477456616e+00,1.112220553051884941e+00,1.471003932803490288e+00,5.909039986333076699e-01,-2.528932993551878394e-01,-3.776761109474605083e-02,-1.713275566939822803e-01,7.494462653286114717e-01,-1.689252839508375847e-01,1.069679696202799679e+00,-4.984499624001719753e-01,-2.376756910034897585e-01,3.023238978902498264e-01,3.197072235130316020e-02,1.164061141291847568e+00,-2.100103327034707201e-01,1.385092320469944793e+00,-8.665916781905194655e-02,-1.252255731821631857e+00,1.731729688875422113e+00,-9.147009167138131502e-01,5.712414221994625008e-01,-7.989139643427555226e-01,1.654747348318972078e+00,3.561398719379730848e-01,9.961329452994466260e-01,-2.653467051500727703e+00,5.784768861142475238e-01,2.018750456493615175e+00,-1.167479489085428562e-01,5.931407654987284062e-01,-2.014139102091360156e-01,-1.107142614239917000e+00,9.029652284897711489e-02,1.382387369560070134e+00,1.237236292076046462e+00,7.310349458791690624e-01,8.429654737830470923e-01,8.305739724331222540e-01,1.118578821435139287e-01,-7.938826959504734493e-01,1.184122570494049453e+00,-3.314683493113811386e-01,3.396142460708800326e-01,-1.629690599050388489e-01,-2.408259341559372893e-02,-2.155509963957117081e-01,-3.352854691421959799e-01,-3.192352435389623211e-01,-5.268233528463043269e-01,4.140417794730164719e-02,3.696605352535888844e-01,-4.466456946585940502e-01,1.254810355052615067e+00,3.814010262311361421e-01,-2.004910820457281029e-01,2.145314720190883317e+00,3.092457329656688736e-01,4.786735809717353879e-02,1.709504512588852387e+00,5.179651426277903647e-01,-7.862465612457624209e-01,5.579830436988586495e-01,6.503164999524565504e-01,-3.319011972370393138e-01,-5.512205075399984056e-01,7.295502714570760716e-01,1.244536441441641106e+00,9.603129956272457579e-02,3.485399257241259680e-02,2.195303510965093408e-01,-4.518390888376879744e-01,-1.233961299652788224e+00,1.389771548241494070e-01,-5.237555548028912655e-01,-5.317953643817219245e-01,2.559186431841446452e-01,-4.987384098617658190e-01,6.477552876911634172e-01,-2.251118726695863881e+00,-7.309162523384113985e-01,1.042696777589602553e+00,1.381670718150735111e-01,-4.809302141889922333e-01,-1.036788799894057186e-02,-7.616481189570204480e-01,9.050629289268945499e-01,1.575789495282577946e+00,5.302070689367486267e-01,-5.140648363907054375e-01,9.649916143642626176e-01,5.768809367635061580e-01,1.825902108372770283e-01,-4.616708512978979218e-01,1.153848556260639313e+00,3.230836529749365194e-01,-1.153672411917620266e+00,-7.847723753279860215e-02,-3.338740572551162633e-01,-3.294328399316152622e-01,5.484166352756409540e-02,-1.127830203874406356e+00,-2.637060936500178476e-01,-7.627392487786560649e-01,2.278767359287171140e-02,7.657476488960927030e-01,-9.172283538804931746e-01,1.873802126600804696e+00,9.924332125842901808e-01,1.086461938613707989e+00,-1.439209852849229643e+00,3.380828387433137294e+00,1.544236968472693761e+00,1.870430856992103541e+00
5.385404060284184613e-01,6.554441320518255010e-01,-8.156291027235083035e-01,2.023851375020571663e-01,5.849645187367771282e-01,-7.930860639457655292e-01,8.400157652688635679e-01,4.460150466389994350e-01,7.839472484478434700e-01,1.391817963225955079e+00,-9.903959281345595111e-02,-9.522553962840155650e-01,-4.417433863112959491e-01,5.780776692470582789e-01,8.601570366069167806e-01,6.399595631324603850e-01,4.455363264549928176e-02,6.133203144462477940e-01,2.360191899238622604e+00,6.237923816451492742e-01,-1.270766190149170694e+00,1.134457898972826451e+00,-4.405102941995929222e-01,5.474759349155626786e-01,-2.040599230385913010e-01,-3.875317527951874785e-01,1.373133778648834458e+00,-1.139236943061783802e-01,-1.132211868490449858e+00,8.637249106972004487e-02,5.460683247181798983e-01,-7.789570776175801514e-01,5.058218998654182563e-01,6.106567631804522556e-01,1.019521806791620300e+00,1.324975270136737215e+00,2.049468717016541819e-01,-5.183485453863049264e-01,1.691501447895948029e+00,8.096990793515174145e-01,1.957219083017235572e+00,4.596735536449992332e-01,1.168223551804028038e+00,-1.034085915103031758e-02,2.447892793529634348e-01,-7.540312341871715507e-01,4.522909394273950112e-01,-1.654398059450899350e+00,6.164593873324908380e-01,1.396920408480407438e+00,1.980589094324735344e-01,-6.190044546780192336e-01,3.992448749108420958e-01,4.113073262664228014e-01,-6.817221230757827266e-01,2.092092752535850586e+00,8.583504250576607930e-01,1.312240331309433961e+00,-7.050604331485371690e-01,-1.438789093326170221e+00,1.454559490726590854e+00,5.708284923368684982e-01,3.742698276372716792e-01,6.576341786699728686e-01,-3.909016411550527703e-01,1.539110289332850934e-01,4.349214736577909912e-01,-8.493951351932971239e-01,1.426478219678288875e-02,9.929467338517485864e-01,5.392998795580483673e-01,2.481096335695483768e-01,1.924448772931334761e-01,2.339215824118719700e-01,-4.044503387683388018e-01,-9.065096990332380811e-01,-3.441632427950470641e-01,5.270599145005562536e-02,-8.422789439499948072e-01,-6.455844434725055425e-01,1.597368339509495971e+00,-8.639417221529750446e-01,2.692515097232044408e+00,3.032625204440360545e+00,1.106530781289745802e+00,1.477476338191725747e+00,6.469912200234382293e-01,-2.814831265293974982e-01,-7.353514817253852497e-04,-2.139453374814218323e-01,7.459804346341745163e-01,-1.893878220051430639e-01,1.077990049619790947e+00,-5.034257525608888395e-01,-3.198363721461862097e-01,1.866642864430835824e-01,3.261752502476291532e-02,-1.439445684109366130e-01,-2.164255177357174986e-01,1.348787828364093500e+00,-1.246787493478659914e-01,-1.254588858243114613e+00,1.744258775442827369e+00,-9.477222128753615138e-01,5.549874112249505442e-01,-7.765673622966188239e-01,1.682895310094058017e+00,3.560359550646371996e-01,1.007826651602573564e+00,-2.648212726031553998e+00,6.398608430830436955e-01,2.033865989127511043e+00,-1.641079992399110676e-01,6.085431514532937403e-01,-1.377989619242584451e-01,-1.084004303126369084e+00,1.230800311883943204e-01,1.322412004804216501e+00,1.257548615482102949e+00,7.670190534936375260e-01,8.449760062920914638e-01,8.090746580054239967e-01,1.138113156022034778e-01,-7.898060809193770959e-01,1.199210948770843777e+00,-3.171882339733123612e-01,2.906661242861681704e-01,-2.399765122257482841e-01,-4.678372574824813529e-02,-1.708720237708429013e-01,-3.714698600163457987e-01,-3.475130324743882504e-01,-5.360664434328756833e-01,5.233427012389843536e-02,4.448353890015760426e-01,-4.556142426700193204e-01,1.260204302926322351e+00,3.365180226323636337e-01,-1.969247870084758212e-01,2.118115057623053410e+00,3.116617102712990750e-01,2.896755833669772962e-02,1.728556280377940180e+00,5.762867492448003892e-01,-7.893360338486172800e-01,5.119436748945341842e-01,6.008492032838010921e-01,-4.497025425454682646e-01,-5.046092231952747920e-01,6.901216464733722633e-01,1.297198552847705244e+00,7.778266669990246962e-02,7.314755338867830192e-02,2.139909178322137728e-01,-4.689580005644071181e-01,-1.239835123029582986e+00,9.353976170517384892e-02,-5.026370229032309789e-01,-5.057615874847058990e-01,2.067511335539746753e-01,-4.382215782254976766e-01,6.135186620470571839e-01,-2.278333311487474422e+00,-6.950083070927535189e-01,1.005674874330084512e+00,1.279866848971778770e-01,1.373875416416634243e+00,-2.989254926528784120e-02,-8.009137682732637709e-01,8.376603377047027177e-01,1.584034129681700209e+00,5.130264844964067539e-01,-5.387278366664781659e-01,9.489001595128582212e-01,6.314542325186848215e-01,1.620001687383011424e-01,-4.914471356782795231e-01,1.142062901337238534e+00,3.199273323895014398e-01,-1.112043266960767163e+00,-7.402536419724109473e-02,-3.874195951777726910e-01,-3.229881916524209307e-01,1.229198628531842641e-01,-1.219895359395314571e+00,-3.143070505878376997e-01,-7.880610557614596834e-01,6.880641154168706808e-02,7.593695949278342905e-01,-9.183065017789495688e-01,1.910626581786098122e+00,9.692830054009866636e-01,1.043697185198701805e+00,-1.407864713266439916e+00,3.363906072245469225e+00,1.546949641262025610e+00,1.870649936706118899e+00
5.600769015824779151e-01,6.691981574254879384e-01,-8.550910128389149767e-01,2.092910871255879435e-01,-6.972791623394862803e-01,-7.828968716571855779e-01,8.623700827489806375e-01,4.436396075533958760e-01,7.326651292379567915e-01,1.408347461662681210e+00,-1.222189909871198438e-01,-1.005783878179126178e+00,-4.431977464627047114e-01,5.605068847665046761e-01,7.999994739933613541e-01,6.448822219388551380e-01,3.775398851968100183e-02,5.927451780114403324e-01,2.392012339872604532e+00,6.470417782072253043e-01,-1.261534825477711230e+00,1.127265732718142344e+00,-3.956758101511729797e-01,5.415359798767802602e-01,-2.048550683706524267e-01,-3.336089063376210806e-01,1.411127448397476059e+00,-1.105588956285139413e-03,-1.134753053948565071e+00,9.632494480633274625e-02,5.628717664291094103e-01,-7.875323411232826309e-01,5.291539578547430622e-01,6.363688284812505369e-01,1.033633731687699786e+00,1.317889425866577868e+00,2.146911094550144061e-01,-5.298894039877317663e-01,1.693803686180274770e+00,8.030365195487210173e-01,1.968274906439657412e+00,4.543570239289796975e-01,1.163783462651510892e+00,-8.935849370255015411e-02,2.372566640488280310e-01,-6.723524790121733208e-01,4.500220317063293174e-01,-1.660260788553391098e+00,7.157466819572445571e-01,1.388253842292767049e+00,2.127456730796169204e-01,-5.983491117550566729e-01,3.458793241816048858e-01,4.100085910017772228e-01,-7.323222715661690252e-01,2.118588396199052593e+00,8.108091884480983502e-01,1.310578245261202923e+00,-7.434256170807104214e-01,-1.453691744437697997e+00,1.433984695915847318e+00,5.475766335666890638e-01,4.042600175414834962e-01,6.873781943595876909e-01,-3.934765657137969663e-01,1.598548088647186449e-01,5.938093043838607032e-01,-8.614174007344210793e-01,1.493077960744214859e-02,9.712633656626213918e-01,5.495225914881597395e-01,2.636908512260986992e-01,1.929697654244161287e-01,1.996564900685182942e-01,-3.882642067292386145e-01,-9.067978660738721386e-01,-3.438433527422797842e-01,9.806939181040773279e-02,-8.506918622420815979e-01,-6.538078028229451499e-01,1.598425394006645073e+00,-8.170854107857603577e-01,2.650487732614285719e+00,2.995192998072014223e+00,1.113687548215307022e+00,1.467832030331470916e+00,6.405060156462677456e-01,-2.804539762677810688e-01,-2.441597487689711743e-03,-1.946845402982074480e-01,6.640795490552557911e-01,-1.914083369569474502e-01,1.089242775650560491e+00,-5.026952307112561025e-01,-3.011640192262600157e-01,2.849516181086216293e-01,1.427997282489242362e-02,1.109880699855854580e+00,-2.268325797247885689e-01,1.359285220260977312e+00,-8.892367705662215793e-02,-1.245997364436797650e+00,1.761583312218828246e+00,-9.483492669156297072e-01,5.715208359482543132e-01,-7.877068849642119286e-01,1.683719271255010197e+00,3.404940073300533054e-01,1.013566084018042268e+00,-2.564355034458712268e+00,6.385355997710617793e-01,2.034333112177347136e+00,-1.635347316079458213e-01,6.044509992968468692e-01,-1.311679782679168182e-01,-1.129978426495742649e+00,5.005979075623185476e-02,1.367954767820781292e+00,1.260496539931717619e+00,7.409772558826516198e-01,7.681608635098829962e-01,8.140821429250324481e-01,1.179727415701220805e-01,-7.921439656162760912e-01,1.196738090659790865e+00,-3.160611565521411759e-01,3.453903846766226415e-01,-2.427250694239616868e-01,-6.732530794488374160e-02,-2.148991158635516208e-01,-3.726550161150693485e-01,-3.147795632566077750e-01,-6.103692188288848408e-01,7.029361044130713609e-02,4.414111045797591837e-01,-4.710007216564288668e-01,1.250857066910974202e+00,3.734193634163319175e-01,-1.835480687903810748e-01,2.116673429944500029e+00,3.064794207510596058e-01,-3.930949173967999283e-02,1.708474157586220787e+00,5.899839544237189815e-01,-8.168358387886561767e-01,5.706173921103110391e-01,6.382984588736808629e-01,-3.775939542518288450e-01,-5.401810336117306433e-01,7.889033535216449788e-01,1.294964278267398683e+00,1.184998131134974014e-01,5.977237448314117602e-02,2.157568824379889061e-01,-4.647616741655846706e-01,-1.233321417947059739e+00,1.299709028149740320e-01,-5.179639550677652693e-01,-4.997260168876319075e-01,1.993407401399931167e-01,-4.485091777231691168e-01,6.416185490410768466e-01,-2.249844069758410114e+00,-6.830175727352160164e-01,1.052766117840773230e+00,1.129807490474331044e-01,1.380874460360610012e+00,-2.461186592406280904e-02,-7.959763381585309716e-01,8.045923743481468993e-01,1.568869505176351709e+00,4.808949972057114386e-01,-5.430001659589981378e-01,9.442295905964090963e-01,6.219540649630540541e-01,1.868401170354701546e-01,-5.315329442563818674e-01,1.159311544601383526e+00,3.421583207469416910e-01,-1.194867939082015384e+00,-8.226516705036002186e-02,-3.894758434278571824e-01,-2.800313959760089011e-01,1.272237363648574537e-01,-1.217165167613758925e+00,-2.558916854011022424e-01,-7.962250805105700602e-01,6.711742988120092401e-02,7.029421242868904018e-01,-9.169999582165963004e-01,1.930246696581279009e+00,1.005435270023715910e+00,1.057890906714501034e+00,-1.425707654118815393e+00,3.386740851751320225e+00,1.521729561945449394e+00,1.874816577436647869e+00
5.516248360903796000e-01,6.779912355737758300e-01,-8.279358409556238918e-01,2.130001638179914725e-01,-6.954823829745243602e-01,-8.103433897897427407e-01,8.572319229809449714e-01,3.637839506341962181e-01,7.098293816091444386e-01,1.372003714568006183e+00,-9.352660556250352863e-02,-9.677378469515097725e-01,-4.567125664043243383e-01,5.614198997107585631e-01,8.165216742484168178e-01,6.395279855365526567e-01,5.722065859442579394e-02,5.285764717199391560e-01,2.386602436135418781e+00,6.292242835035282145e-01,-1.270757221642099033e+00,1.172042158301084047e+00,-3.903420379632308590e-01,5.303459415633750007e-01,-2.025598641221659779e-01,-3.303759198388139806e-01,1.396874163382989753e+00,-1.135284622229342233e-01,-1.090119015495218280e+00,7.544269262895494932e-02,5.662255254852426312e-01,-8.007108441587842407e-01,4.881118582240230319e-01,6.043522338238290770e-01,1.003392971815206369e+00,1.322990546881913421e+00,2.348084700385062173e-01,-5.215640935237388920e-01,1.688352160037225103e+00,7.939700001118804584e-01,1.965951745152701990e+00,4.821657124535859706e-01,1.223220389899801974e+00,-3.744705099277825799e-02,2.638154498649375457e-01,-6.875565008656207011e-01,4.745403642626813134e-01,-1.688566642046476884e+00,7.276752521568232712e-01,1.440025342732824232e+00,2.042459571991170897e-01,-5.559160649774049778e-01,2.833612016431297786e-01,4.506265366551938101e-01,-6.718261900288922117e-01,2.115788548407553371e+00,8.843245564825208405e-01,1.312019859287035350e+00,-7.081903161813291048e-01,-1.451125121921031269e+00,1.332378221806247653e+00,5.716054347692602899e-01,3.635581329318480215e-01,6.553129088318728757e-01,-3.798988531674617475e-01,1.923662213816445810e-01,5.576611233795920608e-01,-8.671949851685286648e-01,3.113679285402975311e-02,9.899771453991742520e-01,5.253027522309300368e-01,2.670335255628615845e-01,2.206677116540815553e-01,1.806720128572125439e-01,-3.996987033268912803e-01,-9.106331034349615106e-01,-3.703858655298665203e-01,8.713467117539035189e-02,-9.024019103512367357e-01,-6.587906258001111626e-01,1.618148963784890260e+00,-8.350604191542706500e-01,2.073835541626691814e+00,2.982038198615915903e+00,1.120668366580212405e+00,1.458064923508386235e+00,6.068058880203591743e-01,-2.638501373722161314e-01,-4.394195071951600973e-03,-1.946695716918237506e-01,7.260154948038698430e-01,-2.184697266612612432e-01,1.099222753534341068e+00,-4.635371735934127324e-01,-3.117552039075814352e-01,2.905624155424359478e-01,2.462218161870934410e-02,1.192784493572307758e+00,-2.081947335216345618e-01,1.359194588204691856e+00,-9.469311357499340942e-02,-1.106960303261729672e+00,1.788065951047637547e+00,-9.259285855786238972e-01,5.623087442988532469e-01,-8.072655772542842723e-01,1.651839043974005605e+00,3.334680915953164848e-01,1.008965894183682099e+00,-2.649818696455559230e+00,6.411185758408830537e-01,2.044030792316939849e+00,-9.800174523180639474e-02,5.976280855603686160e-01,-1.891541033991842868e-01,-1.095271446111862446e+00,1.079247118146839796e-01,1.376927051703567662e+00,1.256706205692478040e+00,7.672697919407187594e-01,7.703015179154402148e-01,8.322235371940148729e-01,1.132492374751213754e-01,-7.599863089857504805e-01,1.185235936538054480e+00,-3.171222200002596359e-01,3.519595200818013137e-01,-1.632574676183287388e-01,-6.570366329342335054e-02,-1.960905497247536489e-01,-3.525860707117286497e-01,-3.079102785542959242e-01,-5.331910864965699881e-01,4.286044179653372005e-02,4.317642795649953014e-01,-4.552250857418721486e-01,1.257214120320907735e+00,3.609271554875519428e-01,-2.716046978080450813e-01,2.118532482709325038e+00,3.258893666429035219e-01,-2.580322381749976593e-02,1.710018934185697281e+00,6.122397494687120689e-01,-8.006892253248153457e-01,5.169459053604152921e-01,6.775627959295225100e-01,-3.321535324533568256e-01,-5.293453792709841288e-01,7.968797511669238887e-01,1.273523844462864485e+00,8.592622650783887650e-02,4.368263038858741232e-02,1.905335547292780485e-01,-4.418289580651313386e-01,-1.215703730956950501e+00,1.392976125446649116e-01,-5.023398504198347547e-01,-5.391062719203211229e-01,1.961948028403791289e-01,-5.059539181784518114e-01,6.099562364133601644e-01,-2.210033913793508109e+00,-7.414558278657665813e-01,1.013493496646481029e+00,1.357408628494634617e-01,1.353822562014236563e+00,-2.817268538429642394e-02,-7.591700764817613800e-01,8.819049264705096647e-01,1.567588305737910970e+00,4.915372088070261158e-01,-5.372175458564047990e-01,9.470446628910060838e-01,5.547436134692947940e-01,1.746861855368019023e-01,-5.228665667691860808e-01,1.151724429445233788e+00,3.294672612426491343e-01,-1.204718547463583977e+00,-6.646055633661657192e-02,-3.783125267443657735e-01,-3.161515469142430756e-01,7.377483088171514491e-02,-1.255918143186918634e+00,-2.944132786172501404e-01,-7.898467195688033682e-01,5.499213996325640758e-02,7.747488096161556648e-01,-9.053090180822680466e-01,1.935946564768319833e+00,1.003979860746554209e+00,1.054564031363508514e+00,-1.438290831897030220e+00,3.375223992614910351e+00,1.531854279271441355e+00,1.886630047022665568e+00
5.628646706075421946e-01,6.987231163675658996e-01,-8.415234803543747422e-01,2.055503757704333356e-01,-7.598260608042779474e-01,-8.267515545465757842e-01,8.565232975243262104e-01,3.149959967777875014e-01,7.685595092785835192e-01,1.368048567485593781e+00,-1.363333359392027433e-01,-9.948193964032059355e-01,-4.685211264215068394e-01,5.783663714560800528e-01,8.142685745825197774e-01,6.398520193241435949e-01,4.375021040017086638e-02,5.911378454382830716e-01,2.396488818242485053e+00,6.364705894375976003e-01,-1.252696381616770216e+00,1.148517517570379676e+00,-3.999768874171570898e-01,5.438447358476735660e-01,-2.025650890634043411e-01,-2.751042700505075267e-01,1.392655612443909341e+00,-1.041726671150637329e-01,-1.097765508275718060e+00,1.076149314521461231e-01,5.359224494050424115e-01,-7.634202348237267843e-01,5.187658222181195100e-01,6.003757800834278457e-01,1.012048137224988764e+00,1.311039405359279320e+00,2.374063754936200088e-01,-5.203721550560170828e-01,1.706980259568263047e+00,8.127857414555867965e-01,1.946328122313173425e+00,4.661541452965133892e-01,1.182256533730718262e+00,-1.955931565320013013e-02,2.431329299004593159e-01,-6.737467325173219779e-01,4.685047441944676927e-01,-1.559373805277676883e+00,7.053593984965381702e-01,1.439832778393597579e+00,1.801472598496140776e-01,-6.254583699415968701e-01,3.929109259124189402e-01,4.312831259412582274e-01,-6.768284019849009070e-01,2.091802871722951096e+00,8.159499401557077647e-01,1.296892707765031627e+00,-7.038589012140905599e-01,-1.459694520767728765e+00,1.431561444719075649e+00,5.785819007526106228e-01,3.967366865679147758e-01,6.852846850783286259e-01,-3.873761695207019740e-01,1.661465867707788147e-01,6.214927130690884871e-01,-8.235437221837152988e-01,2.701068786860460081e-03,9.500267992306018483e-01,5.495381077735037589e-01,2.329818266729302145e-01,1.723292753875439731e-01,2.008116751782936527e-01,-4.174171675257156156e-01,-9.536149656860113399e-01,-3.347641633596739608e-01,8.020873418985613457e-02,-8.500444749871133299e-01,-6.460389199541282101e-01,1.616776322041597158e+00,-8.494029625133123762e-01,2.081850172294236856e+00,2.998591596037567975e+00,1.076348179660126192e+00,1.405943553978294513e+00,6.014321051222426551e-01,-2.824444349252643871e-01,-2.272622068154442343e-02,-2.283262840375244185e-01,7.095751571104559341e-01,-2.129437574445803283e-01,1.085825103937626990e+00,-4.604040682046145472e-01,-2.418594534958334596e-01,2.172738508352705655e-01,1.973122122391247901e-02,1.202973143905657016e+00,-1.688286996249591110e-01,1.365853290692115474e+00,-9.093287685659311170e-02,-1.176673900684860108e+00,1.754301979048565885e+00,-9.324172661890338665e-01,6.016093592761428965e-01,-7.879114709000544226e-01,1.592824634452259192e+00,3.213786336639429253e-01,9.658060606947884708e-01,-2.665664904952623537e+00,6.269437494179378456e-01,2.042079228951315439e+00,-1.371645325697821993e-01,5.864530453297718271e-01,-1.744847195652547145e-01,-1.088438967439583793e+00,7.256078592905883251e-02,1.362647236478768953e+00,1.283589309076488494e+00,7.353970111136007848e-01,8.473153109902691327e-01,7.873710998139087369e-01,1.399861189394661365e-01,-7.918217974006309667e-01,1.186049544189938798e+00,-3.574273475453250137e-01,3.326800013306387971e-01,-2.251282068162603345e-01,-6.103591276719998182e-02,-2.121219775225634263e-01,-3.369676504345732737e-01,-3.591168172130737024e-01,-6.323910894451528764e-01,3.298832445228458421e-02,4.022748037155332579e-01,-4.719358013813589325e-01,1.248878970876235561e+00,3.530306331095832140e-01,-1.885660006816098078e-01,2.112907770245806560e+00,3.288572810556317227e-01,3.025913185196882696e-02,1.734468133643831678e+00,5.932148342477469027e-01,-8.071244899195098021e-01,6.022218762010304038e-01,6.434059138910345199e-01,-3.292526079158346608e-01,-4.619061218395748569e-01,7.332747952827893823e-01,1.278820448895579442e+00,1.065224485437404472e-01,4.949077859791779777e-02,2.241966746877330219e-01,-4.604368771632936785e-01,-1.166102581553237982e+00,9.301983547642231343e-02,-5.051323380278557318e-01,-5.190141031614010636e-01,2.002341562098481076e-01,-4.616684742472276226e-01,6.153874071010128066e-01,-2.280104569502792611e+00,-6.953393061973907052e-01,1.044562601878884056e+00,7.222192615161233953e-02,1.378942682150688714e+00,-2.048192785904217814e-02,-7.481053627040725740e-01,8.093614230910173291e-01,1.575939805143652395e+00,4.742380086527298588e-01,-5.443470664411760307e-01,9.556539651606899000e-01,6.219744647342195787e-01,1.873054339097787735e-01,-5.262591278866365352e-01,1.169261940137220179e+00,3.203305372973940801e-01,-1.159163016971948901e+00,-1.037112502935197689e-01,-3.654775195644772712e-01,-3.213733374522453334e-01,5.187880761645412286e-02,-1.217892946859290060e+00,-3.021739484882093874e-01,-7.821648613268771255e-01,1.570600677363347825e-02,7.427923378161229717e-01,-9.193596066644244003e-01,1.926156519461932559e+00,9.972790044910099239e-01,1.058317466728730949e+00,-1.412290439107207307e+00,3.350650140871902938e+00,1.525872253616919139e+00,1.897543365936610771e+00
5.603668361216511684e-01,6.601431710523454344e-01,-8.693638240238543702e-01,2.211592493437510853e-01,-7.393262618663642982e-01,-7.978514836096697316e-01,8.512637311940737250e-01,4.441094051863261338e-01,7.479290187280104307e-01,1.312885700117430998e+00,-1.184875826252099890e-01,-1.038309093287035578e+00,-4.218719097081179981e-01,5.704999912854926691e-01,7.930403586206465905e-01,6.347029888941868592e-01,5.867736675136896174e-02,5.541146752270266207e-01,2.408327662793552371e+00,6.490220057982122315e-01,-1.280896853030087268e+00,1.162700095749787055e+00,-3.999810883435642173e-01,5.486929257579344910e-01,-2.104170653168007665e-01,-2.753840381628543388e-01,1.432121081049047451e+00,-4.464875684225834418e-02,-1.101056572406529765e+00,8.792513995015174832e-02,5.686192501163304103e-01,-7.779402607699199557e-01,4.869118064207766938e-01,6.200775709657150303e-01,9.579965903184201048e-01,1.294251202303234871e+00,2.274019465785629690e-01,-5.739334720474909002e-01,1.718929190604266077e+00,8.255125781267353968e-01,1.936651129336379507e+00,4.723955396812069552e-01,1.214503278492581329e+00,1.037738097296545675e-03,2.843775331778692350e-01,-7.010398345687900434e-01,4.244515191872247906e-01,-1.657865167672478712e+00,6.167151417467471308e-01,1.396405186325814451e+00,2.037653728986090484e-01,-5.973602264649088278e-01,3.662437861776833281e-01,4.364311752990632787e-01,-7.532317352366258989e-01,2.092237938705567846e+00,8.503780540757092110e-01,1.287131472503695973e+00,-6.499623196716086682e-01,-1.512263861569315138e+00,1.468950253583192200e+00,5.714652658005333619e-01,4.082172009590962491e-01,6.630292879756412017e-01,-3.878591928033107150e-01,1.844835157845210183e-01,4.642780727668674445e-01,-8.620790317923167079e-01,8.355795436674712945e-03,1.000254184616822029e+00,5.266690633018104029e-01,2.862086455384710848e-01,2.064750680177584452e-01,2.321384194884190677e-01,-3.900366181125800580e-01,-8.889975805517934537e-01,-3.036914838751771373e-01,9.190643192424410857e-02,-8.794066355117610145e-01,-6.196788192603754908e-01,1.611784115168735987e+00,-8.699179915810963948e-01,2.084685038158176962e+00,2.990959530288940016e+00,1.189580077826773108e+00,1.392656065394544118e+00,6.044632230777110538e-01,-2.580123757974481236e-01,-5.325922704953596661e-03,-2.185340943350192189e-01,7.183502545307823839e-01,-2.000219323714756969e-01,1.089005987081909099e+00,-4.740261658486072949e-01,-3.026981296493433948e-01,2.940857400851329961e-01,2.051585056024177872e-02,-1.576905329709887560e-01,-2.172762648396998897e-01,1.365184326267451675e+00,-1.147856965625838888e-01,-1.246932388307412376e+00,1.758068981142191456e+00,-9.327082197660793161e-01,5.859340480900249171e-01,-8.052944198473045434e-01,1.615895758520065506e+00,3.095590458269889544e-01,9.709525837133587967e-01,-2.570209847057755681e+00,6.174504907522920805e-01,2.044917865356068010e+00,-9.117424807294549627e-02,5.879863466079064960e-01,-1.949506380567693486e-01,-1.104836225332320065e+00,4.072271973146801560e-02,1.372901031213640266e+00,1.278503946720331186e+00,7.815764654232681963e-01,8.617519377016856774e-01,8.507983070680830151e-01,1.071287656660165344e-01,-8.917554304277466315e-01,1.205397149147988456e+00,-3.305063916027765059e-01,3.676519342793185263e-01,-1.754703754385769088e-01,-4.716595861993265471e-02,-2.285141893009839942e-01,-3.242544436106395978e-01,-3.704571257260800832e-01,-5.428134440315304232e-01,3.655488185398897416e-02,3.690669251031599707e-01,-4.253554321371632030e-01,1.210656979298986302e+00,3.944912496754556797e-01,-2.168549357905550645e-01,2.139253670937809382e+00,2.974849765475719443e-01,-1.307296723240875154e-02,1.688018077157258157e+00,5.679701516611403989e-01,-7.786876415602689283e-01,5.185825652895902360e-01,5.964907404597026286e-01,-3.516198555308520657e-01,-5.130945931367588697e-01,6.745965099726020098e-01,1.295932082952879094e+00,9.252870238736063402e-02,-5.170252659378470408e-03,2.065088949674418195e-01,-4.555974978263022113e-01,-1.217473095514830517e+00,8.981300119016814854e-02,-5.038586076591924368e-01,-5.203287688098758856e-01,2.357827723100253403e-01,-4.152598439137518693e-01,6.281941580878910303e-01,-2.289044383202514688e+00,-7.228918221521082321e-01,1.030142964721700416e+00,1.146799288803152239e-01,-4.640138166340137538e-01,-3.468480507732959323e-02,-7.893821205246509543e-01,8.519323282564564837e-01,1.576871248129478653e+00,5.260864562279782275e-01,-5.530578744711209804e-01,9.222640299123466834e-01,6.502051002301559857e-01,1.560378354707677717e-01,-4.840128647933158446e-01,1.159396189778085784e+00,3.378056932574329818e-01,-1.196735386208360064e+00,-8.131328908934369604e-02,-3.416551621163143593e-01,-3.081871557878455015e-01,1.155269144034001688e-01,-1.204354172373206078e+00,-3.045596919378043554e-01,-7.950957544172755354e-01,6.926590461738695026e-02,7.541905010559389888e-01,-9.378743393846575849e-01,1.906695951983464976e+00,9.730958439314970621e-01,1.084055127148818576e+00,-1.406709497824800259e+00,3.344146621876869396e+00,1.531461065665925325e+00,2.099997579916996759e+00
5.580519092880155130e-01,6.911736499895945185e-01,-8.271345660253335286e-01,2.008143113659636159e-01,-7.511409561612129027e-01,-8.199204918026000710e-01,8.248551889644517576e-01,3.573462028289166037e-01,7.627936992509268821e-01,1.343658479481173895e+00,-1.356552055048206307e-01,-9.752472244175327543e-01,-4.233454760403936867e-01,5.705859491943930939e-01,8.188371061681973817e-01,6.406551679385560361e-01,5.867470091808509730e-02,6.001536777396951905e-01,2.367558873169170575e+00,6.411982652273678918e-01,-1.288375239979475451e+00,1.146134480322350768e+00,-4.125460519219353861e-01,5.483691720119366897e-01,-2.123771900775489607e-01,-2.777667500134340384e-01,1.392248487194274631e+00,-2.108924673795034219e-02,-1.110784670531372642e+00,7.883264297423371592e-02,5.291281661173862227e-01,-8.080671932726645190e-01,5.450799309273668403e-01,5.990312989299162449e-01,1.032582670690954441e+00,1.325814756636636282e+00,2.324873000619729901e-01,-5.273906692525933693e-01,1.732005794707854429e+00,7.950828858223573103e-01,1.964695603239417165e+00,4.600761889287008910e-01,1.207556353977874419e+00,-3.997977855101792627e-02,2.749149710469556140e-01,-6.488663210790767133e-01,4.808394386551886890e-01,-1.571934948890720829e+00,7.268950900432333828e-01,1.441737868919085841e+00,2.431820140467234326e-01,-6.210951010603260602e-01,3.690325058057650764e-01,4.009834277289485160e-01,-7.636043316444693918e-01,2.097100838347805585e+00,8.105395807770507943e-01,1.316121192109773297e+00,-7.421765175614666310e-01,-1.410504713011759392e+00,1.455728697187717691e+00,5.651357242368370004e-01,4.069573032288607561e-01,6.749571785046274419e-01,-4.489886786741748015e-01,1.423324533244913204e-01,5.679352174654815899e-01,-8.790256758790245817e-01,-3.283417589355592386e-03,9.616380327309348441e-01,5.233721788037271061e-01,2.527463214377930201e-01,2.094832139365975510e-01,2.014582402011067530e-01,-4.186103297274608726e-01,-1.020980390278151795e+00,-3.241595820410240192e-01,4.547930813081801915e-02,-8.472952920876536398e-01,-6.173101902246463935e-01,1.601993314391412015e+00,-9.063040262058759122e-01,2.089765257016445332e+00,2.996287365376272049e+00,1.125069531033530135e+00,1.471650572687785763e+00,6.005050964463879426e-01,-2.850798205948548714e-01,1.866206682722085924e-02,-2.253777018166366053e-01,7.397691303200017998e-01,-1.823777051969240337e-01,1.092882260673936790e+00,-4.188581384926688411e-01,-3.114372056731504745e-01,2.882360512717039858e-01,2.930991349322368059e-02,1.147277379871175951e+00,-2.018253001023542492e-01,1.389979056085910214e+00,-1.053234763895772169e-01,-1.119814826421212439e+00,1.767532734639423175e+00,-9.573906189486223184e-01,5.602305307751693775e-01,-8.030836637126264055e-01,1.651534918529003804e+00,3.292508461160579825e-01,9.846183815942309847e-01,-2.640096919907187090e+00,6.236281571665450718e-01,2.022293179073298308e+00,-9.942862186183801243e-02,5.675601384372905844e-01,-1.260567368712142977e-01,-1.122595600399296734e+00,9.695702631474537037e-02,1.365691053306428593e+00,1.253954956187339542e+00,7.639131039963560355e-01,8.431726075911322171e-01,8.227019762462314256e-01,9.443094624879388999e-02,-7.807496419550458144e-01,1.173573871232872046e+00,-3.275759447144662717e-01,3.086789030514737742e-01,-1.918121549600524389e-01,-3.596541124406844175e-02,-1.637366289359976357e-01,-3.180609734101378927e-01,-3.294636828282562768e-01,-5.823941122259109759e-01,6.517193827523225236e-02,3.823200100218984709e-01,-4.159915804539728312e-01,1.232151724239101354e+00,3.456172430385627825e-01,-1.967639710842411238e-01,2.113993532495348049e+00,3.227876267799356658e-01,-3.798383171028810873e-02,1.724910470096096660e+00,5.314932843155529829e-01,-8.003446369105123859e-01,5.882373889813995449e-01,6.959481390565049885e-01,-3.497302664982958054e-01,-5.387663219112541757e-01,7.597075242586948107e-01,1.238133560803615030e+00,1.091973112855158246e-01,5.217472592076418531e-02,1.963492813425816719e-01,-4.222250523929428345e-01,-1.189760931078417405e+00,1.428952566369119381e-01,-4.948868063796902916e-01,-5.259261358875545467e-01,2.569887671286010811e-01,-4.881439091380301298e-01,6.636104314678730187e-01,-2.310016658267270540e+00,-7.112328167314422300e-01,1.033787693319124568e+00,6.895997225279622278e-02,-5.021206759206643389e-01,-4.727643709885914758e-02,-7.700041452722596880e-01,8.431199737256621640e-01,1.570374316570117612e+00,5.030209692842723124e-01,-5.287300372963766870e-01,9.707254232134779892e-01,5.486626246078530889e-01,1.762601422905636928e-01,-4.434714395180916480e-01,1.152851682049467641e+00,3.668977665588020187e-01,-1.178549836448113286e+00,-7.712141850687351252e-02,-3.373043375059257554e-01,-3.239478116768913507e-01,5.786106276062030762e-02,-1.128734182911375727e+00,-2.858996764998289475e-01,-8.006899261289771585e-01,4.000509740843308931e-02,7.512136879406293710e-01,-9.036953640840225122e-01,1.938108998035233510e+00,9.915107094096337059e-01,1.064104146321765088e+00,-1.454298221583825823e+00,3.323871171305525341e+00,1.510584391175494368e+00,2.103382156004492742e+00
5.602779946703685399e-01,6.720542179008248684e-01,-8.451361157269512425e-01,2.158346226024833170e-01,5.598862895354892455e-01,-8.144446813341958968e-01,8.524597708050990486e-01,3.511961798917324074e-01,7.755747753298264380e-01,1.400416707614456469e+00,-1.082564189937226667e-01,-1.024586682189337683e+00,-4.620722305086949477e-01,5.537874942104319409e-01,8.061005592168779543e-01,6.316050553232427367e-01,5.221567774909065957e-02,5.424829217033002582e-01,2.361175739873477841e+00,6.321152612498633916e-01,-1.270909300916668538e+00,1.125719407331353228e+00,-4.151523815413321050e-01,5.718443899385489138e-01,-2.054324886946355677e-01,-3.417183369703735707e-01,1.390573421465357562e+00,-6.134094096938699087e-02,-1.139545428492134693e+00,9.293484503245499906e-02,5.688725182545233405e-01,-7.815573133265476535e-01,4.924384133961065557e-01,6.363605153229912048e-01,1.035677819386641163e+00,1.323302289632205975e+00,2.239308142142986680e-01,-5.358309855471489191e-01,1.670832805476551108e+00,8.098276187373028012e-01,1.962595674859143546e+00,4.860926728812384745e-01,1.156723135166604077e+00,-3.852096202550069071e-02,2.440775877090511081e-01,-6.851512567970826639e-01,4.666160886690998710e-01,-1.653935469457497476e+00,7.248701956907258603e-01,1.420093074738442818e+00,2.842024004798829329e-01,-5.744120734800889361e-01,3.953068803414756527e-01,4.277256898713591160e-01,-7.271918265005737902e-01,2.115317772377215633e+00,7.956117259510578910e-01,1.322255112781648645e+00,-6.991170516262827928e-01,-1.510908339223764996e+00,1.457295436975240666e+00,5.928646098136546305e-01,4.369382081699321185e-01,6.829194970952219279e-01,-3.838872229311558470e-01,1.628775736140553876e-01,5.982066822067628742e-01,-8.659716617655006665e-01,8.103348135948439807e-03,9.650533204240310248e-01,5.620154088084206023e-01,2.718875258339014667e-01,2.172704414622652902e-01,1.961745211564632219e-01,-3.955048003212142116e-01,-1.022393182232820941e+00,-3.371956264115409940e-01,9.256794682626065529e-02,-8.747694357384844244e-01,-6.424632737973476893e-01,1.612037749673824960e+00,-8.160297057104145546e-01,2.648716452291176360e+00,2.995053071876936812e+00,1.133123091450944031e+00,1.363014071015875350e+00,6.552377883761623112e-01,-2.728092172457015074e-01,-3.181769350466934904e-02,-2.090746168580096820e-01,7.402388622708140353e-01,-1.770314183985012280e-01,1.123883712185103967e+00,-4.561636467733044542e-01,-3.046614352883086907e-01,3.090714645693274920e-01,2.405101889312677779e-02,1.112084925914199829e+00,-2.096842794357232087e-01,1.381584740941547595e+00,-1.093664945552354911e-01,-1.125542663766568641e+00,1.758441449278506097e+00,-9.513691398324310988e-01,5.668508943837631264e-01,-8.014339097678057078e-01,1.644927534478056286e+00,2.841776218439271418e-01,9.819822473648963657e-01,-2.668492352611982810e+00,5.868032318306304340e-01,2.037235332603203997e+00,-6.624965371362293021e-02,5.972773427214246311e-01,-1.347509832398525731e-01,-1.086582611429708356e+00,1.110931926631227307e-01,1.373180855915641763e+00,1.240481706241235882e+00,7.363757839362971014e-01,7.634846114574994624e-01,8.118178007533565221e-01,1.084505991604704650e-01,-8.319277135244093069e-01,1.201201910006391760e+00,-3.367982859396563833e-01,3.345380564167932946e-01,-2.129510319114096273e-01,-6.669916477179463343e-02,-2.270169509341638803e-01,-3.416807657208971172e-01,-3.293584489796062553e-01,-6.256877353639983541e-01,6.363734054002485874e-02,3.955514574030955521e-01,-4.497845061944106271e-01,1.253609033184629240e+00,3.930250551669420833e-01,-1.960031546204260011e-01,2.117700655128388565e+00,3.073621073386519909e-01,4.136072260010701523e-02,1.701475270467214251e+00,5.253724553816372378e-01,-7.921936042635272512e-01,5.538987328800011323e-01,6.449132571474188724e-01,-3.547665344648687213e-01,-5.107951275466947605e-01,8.017962689837698775e-01,1.327384153036496039e+00,8.477955189673820613e-02,3.690874890596927693e-02,2.177284843548204507e-01,-4.734188244281941627e-01,-1.232550829301826134e+00,1.271466139403351903e-01,-5.175725771348901327e-01,-5.200702987141925249e-01,1.931623114084078385e-01,-4.967814224447062998e-01,6.538413707309684852e-01,-2.250711913460441860e+00,-7.111052205922409053e-01,1.049354620773659041e+00,1.075202268698960961e-01,-4.854103580591284661e-01,4.178750050143889214e-04,-7.557523901862530646e-01,8.911324929467685507e-01,1.584840725788095428e+00,5.155034408450422934e-01,-5.460076079965604512e-01,9.498060767275481320e-01,6.251293897018269652e-01,1.883466859524665360e-01,-4.526754226787110258e-01,1.168023589172064503e+00,3.540401323446506487e-01,-1.145345214715503657e+00,-8.077227996452886194e-02,-3.303259422188407068e-01,-2.839195036913170767e-01,4.471602088816183096e-02,-1.151664160807174708e+00,-2.644310058669784302e-01,-7.692584164781745004e-01,7.253196978122614103e-02,7.013272078611603177e-01,-9.024863883000855402e-01,1.931924858391750988e+00,9.906345612631651809e-01,1.053150173605944318e+00,-1.439658562571171085e+00,3.373113633749611484e+00,1.510658369499653153e+00,2.106863960340259023e+00
5.849637854979388152e-01,6.626225886395205045e-01,-8.402858384770112155e-01,2.048782462227826950e-01,-7.654821333735173372e-01,-8.056727131326401059e-01,8.492777813327291314e-01,3.163140713115900060e-01,7.734813804142414151e-01,1.363855561924194548e+00,-1.337702172005949264e-01,-9.897078965681117557e-01,-4.710585026484416238e-01,5.899677746004400314e-01,8.175781717204169130e-01,6.492716641378882825e-01,5.023126119658683636e-02,5.966132691498654550e-01,2.346354557944636099e+00,6.261282651583880421e-01,-1.256087965387293615e+00,1.133080364231810133e+00,-4.018537696860002284e-01,5.704640721401297299e-01,-1.979485620901109966e-01,-2.726061022410806167e-01,1.391977571730388608e+00,-9.804137630807030490e-02,-1.127922167038442280e+00,7.886755984851399892e-02,5.804448218626827583e-01,-7.608530527916017583e-01,4.784081701216585936e-01,6.091875063930620726e-01,9.607046413108719651e-01,1.311198270681823930e+00,2.589390472139948551e-01,-5.738842100260308499e-01,1.654991429897750610e+00,7.973443550841253780e-01,1.992126258456542898e+00,4.661844577232119313e-01,1.190746736118715621e+00,-2.204159651442351778e-02,2.460606093011867002e-01,-6.696184301610409451e-01,4.493022055582306384e-01,-1.636144598284384966e+00,7.107567509240863002e-01,1.436363271123340501e+00,2.912797635615720360e-01,-6.249750804644623736e-01,3.828233959461603275e-01,4.288271723993342666e-01,-6.840404670200297410e-01,2.088284055829897845e+00,8.289100318152408109e-01,1.326581211030596119e+00,-6.746467387843302355e-01,-1.463014426737885954e+00,1.456082350398969716e+00,5.531288452071572159e-01,4.076996868536186813e-01,6.729281480596961407e-01,-3.733095380127534613e-01,2.109686043053143611e-01,4.558389484981710815e-01,-8.656459004710347349e-01,-7.959911352570773644e-05,9.550600568059216533e-01,5.056122524217163683e-01,2.434694048248284004e-01,2.033058206103487420e-01,1.955615820281712269e-01,-4.176364589349905176e-01,-9.377984412104157785e-01,-3.380887802691268096e-01,9.839620602890301881e-02,-8.415173068148558144e-01,-6.527908521936267583e-01,1.607533978591707768e+00,-8.960248517619743280e-01,2.060469197620365733e+00,2.992462182177225483e+00,1.104346657610670190e+00,1.440151012201746461e+00,5.989466482864748142e-01,-3.002479976635370473e-01,-2.185290284217944815e-02,-2.201948793984830344e-01,7.098373844758005813e-01,-2.376256168953208014e-01,1.061100574000190422e+00,-4.667360102696896940e-01,-3.125391935062507009e-01,2.228127864842245620e-01,3.035218689208963455e-02,1.197009467358771007e+00,-2.204358442882670688e-01,1.366697873461575785e+00,-1.020436352365251681e-01,-1.113578463448495759e+00,1.756118589681906261e+00,-8.977569706408857764e-01,5.477282507331150407e-01,-7.820082272453363625e-01,1.637668526794028523e+00,3.202719703080915137e-01,9.897844085151497051e-01,-2.514125265327979086e+00,6.250904402368050450e-01,2.035482992796827428e+00,-1.383804443001845352e-01,5.930611376439264282e-01,-1.405822905826246416e-01,-1.088991925188939947e+00,1.256714381644173373e-01,1.390151941197776742e+00,1.250581757218375056e+00,7.403493040543829284e-01,7.931099773526253394e-01,8.559237743490177852e-01,1.167932118077349840e-01,-7.697377544978394326e-01,1.159912060901215458e+00,-3.081318968201577913e-01,3.700995634497070697e-01,-1.480014742928706384e-01,-2.800628798765856034e-02,-2.135609375847642433e-01,-3.423908111828684042e-01,-3.413166005827112937e-01,-6.388792067728036317e-01,4.521633427408169176e-02,3.517065069343986994e-01,-4.733388894383179224e-01,1.235145841244055687e+00,3.394537278192000240e-01,-2.028233362053010469e-01,2.123401558300379577e+00,3.425992580186816294e-01,-2.475163460067920235e-03,1.665600003750716818e+00,5.959708138600267047e-01,-8.590340210613781613e-01,6.030264541875890449e-01,6.837007029843664707e-01,-4.507912221408600928e-01,-4.858857135205065791e-01,6.967086656806525946e-01,1.302379629179726050e+00,1.056976662443036702e-01,7.706087176318919540e-02,2.308167728146453823e-01,-4.553313208080441710e-01,-1.261809914396522458e+00,9.278139689674679003e-02,-5.128395799463598692e-01,-5.206439539116631821e-01,1.993395632639902437e-01,-4.505349007694912089e-01,6.270260898743013067e-01,-2.267419352261169863e+00,-7.213624682493193774e-01,1.055110839850852189e+00,1.133520463420840257e-01,1.375525023363171506e+00,-7.557296539879038155e-02,-7.732931754016172388e-01,8.581174819897361417e-01,1.566200231458166003e+00,4.968968065333480011e-01,-5.333264553020909959e-01,9.586057767981851496e-01,6.325590552799336130e-01,1.761476910019972586e-01,-5.278304280375429869e-01,1.155418714340928243e+00,3.197170408632060146e-01,-1.166249660411399214e+00,-1.138541027432066338e-01,-3.638570446788732538e-01,-3.319754763714508061e-01,8.494025476907782202e-02,-1.220046499629805936e+00,-2.934009793843239677e-01,-7.759293047698087031e-01,1.746377776383810018e-02,7.444614517890966177e-01,-8.830609629426888763e-01,1.924137554061612798e+00,9.522331130987519154e-01,1.067853724257490589e+00,-1.414769065998515485e+00,3.363610540338884736e+00,1.524178111326987883e+00,2.126456624113889138e+00
5.818413835726837791e-01,6.865633569417838311e-01,-8.071124573396073476e-01,2.003850176683294460e-01,-6.872228635793617979e-01,-7.820853844152401146e-01,8.336622263790655074e-01,3.762105367892690788e-01,7.342989771472703264e-01,1.378454875525161771e+00,-1.316394409199903304e-01,-9.774214106655420009e-01,-4.316447115080472852e-01,6.142232028774455843e-01,8.646164514523738687e-01,6.382390633296635141e-01,5.556923422148958569e-02,5.237742031755817651e-01,2.365707291671335533e+00,6.171308602512085573e-01,-1.274076364210348755e+00,1.167061032974558321e+00,-4.171157603325498231e-01,5.673683343847083504e-01,-2.157082563406276521e-01,-2.981721204673928316e-01,1.402568991401142107e+00,-1.058156040414896942e-01,-1.090644235110086013e+00,8.295093199178381338e-02,5.652335037461416745e-01,-7.752560601961422382e-01,4.879900928672480376e-01,6.014844380055397455e-01,9.772689288060251167e-01,1.318558170858233902e+00,2.188025357107093172e-01,-5.131661838222854044e-01,1.695151793576852750e+00,8.322025767765875992e-01,1.956247224431425957e+00,4.734883899030491450e-01,1.204133526083692729e+00,-3.829019021670711231e-02,2.351011554816528348e-01,-7.480432839141785140e-01,4.861297086684077118e-01,-1.697722574279916685e+00,7.237748537623514000e-01,1.407249931609893645e+00,2.018542571213298720e-01,-6.311259759949165993e-01,3.026171027091713039e-01,4.420612044672407870e-01,-6.742493959793584013e-01,2.095513313233914321e+00,8.491073850292540914e-01,1.328519649150033510e+00,-7.205877642774051184e-01,-1.404773388196336903e+00,1.465073890505185883e+00,5.725408614184833711e-01,3.690111802879837977e-01,6.601092291559490510e-01,-3.906550805933055592e-01,1.562852492894513945e-01,5.639609804501984902e-01,-8.626563602745322967e-01,3.864406641005007498e-02,9.527652725114076349e-01,5.343511565930140206e-01,2.613508637806358781e-01,1.862264488852715671e-01,1.892164537147395242e-01,-4.185846735497842364e-01,-9.173171306335201614e-01,-3.339715293687071651e-01,5.242664319294523118e-02,-9.003604314250647223e-01,-6.580557533556731231e-01,1.617713231094374482e+00,-8.791236211558302038e-01,2.090589309201703827e+00,2.983327286825086411e+00,1.114846867456151136e+00,1.481627123356981768e+00,5.988562072589990182e-01,-2.743559362648899658e-01,1.565907371078779572e-02,-2.060050210338931764e-01,6.983792000822028889e-01,-2.259894491382744564e-01,1.095781550561871542e+00,-4.703872548152438493e-01,-3.077190823867677061e-01,2.066172468297939879e-01,2.202389192991360475e-02,1.185327695989712105e+00,-2.045449265217657020e-01,1.355334084409726580e+00,-8.064105382051374449e-02,-1.110078765102584075e+00,1.736762589904578657e+00,-8.997572844674177617e-01,5.672479094696548652e-01,-7.897846379725996790e-01,1.638160915874187440e+00,3.217959984103943571e-01,1.006509511800345757e+00,-2.515184666659775470e+00,6.391170549748136365e-01,2.031553935472014683e+00,-1.568751710553053791e-01,6.239635849790533539e-01,-1.594479094891697035e-01,-1.089473674752451826e+00,9.940758152633757949e-02,1.372964639020509470e+00,1.231087149513136358e+00,7.872113642887553775e-01,7.765337896615618352e-01,8.528644439312189629e-01,1.120120537585269499e-01,-7.430317661319432165e-01,1.185280276046891679e+00,-3.683842564100620054e-01,3.671624116396603466e-01,-2.114757222731027120e-01,-3.826389242432134963e-02,-1.792904746183282549e-01,-3.135211883789953968e-01,-3.419866762700062846e-01,-5.366909371683933339e-01,5.642940340427221591e-02,4.453754012090082592e-01,-4.526341646299018584e-01,1.248733595683158004e+00,3.562633183241111223e-01,-2.369074263466111330e-01,2.124245637726370983e+00,3.236864467009942792e-01,-3.604089932249295025e-02,1.717255406816426300e+00,5.498679967537389857e-01,-8.157346542543355561e-01,5.684451414458856489e-01,6.788037550511326623e-01,-3.448591389979513422e-01,-5.493807273951961667e-01,7.722987765250781678e-01,1.271803553736717163e+00,9.816681167298493826e-02,-2.039684756809437283e-02,2.358720700673831716e-01,-4.334299223662656519e-01,-1.256174398681465076e+00,1.391254640345639115e-01,-4.908505021958399772e-01,-5.347108556998353412e-01,1.592376451692729677e-01,-4.862548211827030786e-01,6.241414947871597452e-01,-2.304470153156263912e+00,-7.465125699989361152e-01,1.031402404985735100e+00,1.287127053894361328e-01,1.380069053678699920e+00,-5.356907537625640869e-02,-7.585722259705911519e-01,8.919243984509476197e-01,1.577275938013098733e+00,4.998373628963858062e-01,-5.224066414983933315e-01,9.652048782711584174e-01,5.439693075473891470e-01,1.574889232500954195e-01,-5.274085110082962213e-01,1.154214574262983017e+00,3.246718075859191810e-01,-1.177500068817168843e+00,-9.415596922215731246e-02,-3.860521292430070250e-01,-3.109299511188616805e-01,1.076546427171510417e-01,-1.251547794726924678e+00,-2.958285526179094682e-01,-7.754937085496594884e-01,2.280701801874819232e-02,7.294093586506208426e-01,-9.058283423043079763e-01,1.943130278289659341e+00,1.006159961884015130e+00,1.062041197857324537e+00,-1.441226829409935961e+00,3.306759411680957328e+00,1.527662901202029300e+00,2.137864113906548624e+00
5.532991794890469439e-01,6.628313398084653141e-01,-8.476779383557934144e-01,2.129720470152109968e-01,-6.982349795817249793e-01,-7.949779521453927966e-01,8.830969288655972083e-01,3.399580117673278723e-01,7.789223454885213505e-01,1.412993287823096855e+00,-1.093036630455491154e-01,-1.020090661026019641e+00,-4.600509868260214685e-01,5.563838965623464361e-01,7.881185255288963853e-01,6.392967668690967553e-01,5.131249311231177168e-02,5.988639341854405940e-01,2.413221077517277546e+00,6.224399265574152018e-01,-1.261304018355745793e+00,1.145550694743381115e+00,-3.909562806967240012e-01,5.602349874772669658e-01,-2.268359437197304540e-01,-3.390521531209764183e-01,1.416889190181590763e+00,-9.114941867686339461e-02,-1.133883308480112317e+00,1.132944845816607760e-01,5.468713924833144002e-01,-7.966913353229497785e-01,4.761370743241661319e-01,6.284566798754729344e-01,9.631969546513822200e-01,1.303771855316104844e+00,2.265367735393123139e-01,-5.448605018898339258e-01,1.716567009670367572e+00,8.030396495298294246e-01,1.949143567366849572e+00,4.526814687330714682e-01,1.247761083847573671e+00,-4.362589701247514273e-02,2.828681503568468147e-01,-6.583573068458390409e-01,4.674169633141974645e-01,-1.641071956445468105e+00,7.460953187089977012e-01,1.395282906321245742e+00,1.707859602608147731e-01,-5.972569564551867272e-01,3.354694681663092926e-01,4.220683137261557194e-01,-7.720061549266816758e-01,2.113162636146795226e+00,8.397778827623754161e-01,1.316715071372904999e+00,-7.134459631363562204e-01,-1.507275943642879534e+00,1.428501472832687913e+00,5.785446229545539998e-01,3.843634176864632046e-01,6.930205837140176461e-01,-3.918228093679226309e-01,1.701789116660771262e-01,6.187615461494765379e-01,-8.670681857033679663e-01,1.008098667607385673e-02,9.624431372964532549e-01,5.495333995580625741e-01,2.436610628169972315e-01,1.682087304936286942e-01,2.328696875430489588e-01,-4.198104231199428216e-01,-8.959845787884865853e-01,-3.418363187075942333e-01,9.181978785041021440e-02,-8.487517413188404580e-01,-6.454478168925734671e-01,1.619443810001547579e+00,-8.300595896953364417e-01,2.064286804612091242e+00,2.993634693533822499e+00,1.128151976449259575e+00,1.365753613558159385e+00,6.504452282341790514e-01,-2.853758186778312944e-01,-2.819369241738345702e-02,-1.873453738141958591e-01,7.363408152985230215e-01,-1.862352471787988017e-01,1.140410459970285784e+00,-4.587335923455977960e-01,-2.438469022812975173e-01,2.206408665614003617e-01,2.252982933047171371e-02,-1.354636591903508880e-01,-1.765133000065909064e-01,1.361119250717741425e+00,-8.143876221090495804e-02,-1.126628200968731841e+00,1.759156176273983796e+00,-9.207708622091768103e-01,5.989398372692092964e-01,-8.160842175332293502e-01,1.640347454008692862e+00,3.124527271157526154e-01,9.640247160131518722e-01,-2.567970096905102029e+00,6.251875568581076736e-01,1.992273469892937410e+00,-9.812096117925178662e-02,5.728467038852742554e-01,-1.249161009683487089e-01,-1.085399524013862971e+00,5.293860293092554625e-02,1.364758712703648014e+00,1.252788202831453646e+00,7.330734787175474665e-01,7.652103999308705884e-01,8.841780319716886494e-01,6.886702570386549205e-02,-7.995376043456012827e-01,1.190156071855118070e+00,-3.448728769217049295e-01,3.248383004515653649e-01,-2.217672017638104565e-01,-5.526507539955842485e-02,-2.076768478195980816e-01,-3.540613114959229035e-01,-3.592141573648044983e-01,-6.174511813122748327e-01,3.204901488084554301e-02,4.053619457499279544e-01,-4.533556695666942638e-01,1.251513413875060543e+00,3.556301808519160557e-01,-1.842087795947106865e-01,2.115403522184258645e+00,3.082694948864576068e-01,1.995149913434547673e-02,1.703693042865786156e+00,6.385733368619270767e-01,-8.022320756905836348e-01,5.640355796910268005e-01,6.472032064895788528e-01,-3.529981973711189269e-01,-5.393390577940703201e-01,7.838610709399234100e-01,1.280975999276439126e+00,1.192204757832966977e-01,4.941333775465195366e-02,2.215405622305370303e-01,-4.672620983727913679e-01,-1.169115270569779375e+00,1.132048322943730589e-01,-5.038141810874118276e-01,-4.984708483254730038e-01,1.982237869427710408e-01,-4.847674807553851162e-01,6.181541234336901391e-01,-2.260948478174103382e+00,-6.892042711412742495e-01,1.050337145615862111e+00,7.677024557357600698e-02,1.386092266504754811e+00,-2.944469023756280876e-02,-7.538166913405581759e-01,8.061074573079128891e-01,1.566607399582227389e+00,5.075303588542262601e-01,-5.594130078886102586e-01,9.624540754190249459e-01,5.884993836262563116e-01,1.916340576052909528e-01,-4.533122575159392875e-01,1.135058587278354070e+00,3.441899807981667614e-01,-1.212760698564735895e+00,-8.437965584770523719e-02,-3.496712167948421435e-01,-3.463081913452565330e-01,1.258606535466567922e-01,-1.149646981004678326e+00,-2.754906004484714011e-01,-7.938053181653057511e-01,7.249055673318785531e-02,6.873197260754134730e-01,-9.341432057068045358e-01,1.940108878999763808e+00,1.000505792263153504e+00,1.053440939705433621e+00,-1.431066730351947092e+00,3.364180336463758358e+00,1.533874833465155518e+00,2.259783929517782397e+00
5.556597661426105894e-01,6.912842976633881698e-01,-8.507385909609875840e-01,2.211307787592493579e-01,-7.333465906464303741e-01,-7.942535045835320551e-01,8.551185975104890202e-01,3.376206280647400804e-01,7.658668927074232524e-01,1.372717135977726155e+00,-1.118959467361376192e-01,-9.916856591723693937e-01,-4.227196984160848658e-01,5.863562807036163393e-01,7.877896226551770464e-01,6.674172242321304571e-01,5.101186324557275414e-02,5.897666695291154948e-01,2.368150338107961606e+00,6.592112550642509339e-01,-1.289546221756843192e+00,1.169097338148769261e+00,-3.971734739159478722e-01,5.436102068818042810e-01,-1.968643179192959003e-01,-3.008492523343495040e-01,1.383026589969888809e+00,-8.817723656030526658e-02,-1.113116774410142451e+00,9.161610289963416365e-02,5.753433751071400648e-01,-7.758046432154110938e-01,4.758387364287106069e-01,6.167641938105037358e-01,9.987794033993309117e-01,1.369219590269713738e+00,2.272540635312007840e-01,-5.359105835484061497e-01,1.682383703382906104e+00,8.246608739883939387e-01,1.939533034291028857e+00,4.428946217212560432e-01,1.213663856469128666e+00,-1.549286612671577773e-02,2.876341280778464404e-01,-6.643814177120519471e-01,4.451608698715896484e-01,-1.662802900601997314e+00,7.278705695274446663e-01,1.442893637826402564e+00,2.093621574065149538e-01,-6.197514770052094946e-01,3.592741794642099751e-01,4.580438386008133800e-01,-7.073915532174515075e-01,2.087398440881152339e+00,8.431451048144765759e-01,1.307294794628526713e+00,-7.071068477995496870e-01,-1.455220380186753371e+00,1.446726032986358046e+00,5.729364778547422210e-01,4.032714308157585581e-01,6.738796230820348621e-01,-3.772456876376589774e-01,1.880583239616601954e-01,4.378477555987599357e-01,-8.396015091084362281e-01,-8.219364023832789745e-03,9.485802805846430541e-01,5.279035850411925024e-01,2.577517277686084407e-01,1.999292897137392999e-01,2.117235422883449736e-01,-4.366044526640768253e-01,-1.027857152822510889e+00,-3.266622533968404629e-01,9.763632438233470212e-02,-8.393885233821685166e-01,-6.651584597615451955e-01,1.584969936870226803e+00,-8.656923195323772413e-01,2.077970292102685246e+00,2.974492378196073261e+00,1.109114335973066634e+00,1.410908437619941225e+00,5.945503080578543598e-01,-3.091922862686203310e-01,-3.393222318794198930e-03,-1.937961653219817948e-01,7.573618071147514286e-01,-2.465609646468742144e-01,1.066447254924599353e+00,-4.778955913793175303e-01,-2.503653182459505966e-01,2.837810725898222142e-01,1.910941871783099211e-02,-1.626709737002285106e-01,-2.339963197640773651e-01,1.358773874262219739e+00,-1.094139641039106048e-01,-1.242395486050658748e+00,1.754889039696390096e+00,-9.094364368605463156e-01,5.471423523198660765e-01,-8.666896271948039132e-01,1.633508541672804570e+00,3.330392419422855133e-01,1.005403351561229730e+00,-2.608558677368305823e+00,6.250680195955334861e-01,2.029286958131894636e+00,-1.631203393421962189e-01,6.043218427107089896e-01,-2.064231134544110835e-01,-1.090320425342792054e+00,4.427704117827218483e-02,1.372765395996497162e+00,1.261520718031224231e+00,7.763700777667849051e-01,8.229887266557095460e-01,8.023020243910343741e-01,8.852127979437317273e-02,-9.013065140638556461e-01,1.196812126001137067e+00,-3.026600475730902295e-01,3.524776691701190789e-01,-1.698389966922626559e-01,-3.814208194424684173e-02,-1.987089827594679114e-01,-3.499462839221796351e-01,-3.232556127376735589e-01,-5.884487576078102355e-01,-2.673884628864727636e-02,3.559484182480018855e-01,-4.232125645617039744e-01,1.218422786452556972e+00,3.561089402551301797e-01,-1.936868714224893318e-01,2.145235793150822801e+00,3.353665395370920566e-01,3.680435346060299123e-02,1.763864406304746391e+00,5.554513187418669284e-01,-8.164318784310228283e-01,5.200094095963224694e-01,6.095651411620240934e-01,-3.328092628731183500e-01,-5.313175040011407502e-01,7.840917708347915349e-01,1.315388213949275409e+00,9.440404241054180245e-02,7.770712587710161545e-02,2.049933043076647976e-01,-4.572609069838793894e-01,-1.224733404194321862e+00,1.172304039819003080e-01,-4.665745159595099945e-01,-5.216949138119464369e-01,2.326478229524669150e-01,-4.393194641553029856e-01,6.396968256804110853e-01,-2.305160136551501537e+00,-7.239910213180323906e-01,1.032997583607581760e+00,1.251360635217942108e-01,1.362096117423869046e+00,-3.355445073942502771e-02,-7.516948454414603686e-01,8.335388906841700862e-01,1.561064240264412373e+00,4.640663262427409119e-01,-5.302443987850913310e-01,9.214156922013325701e-01,5.919456824381197357e-01,1.936679496294155534e-01,-5.075685978288917433e-01,1.164314776641752758e+00,3.481257823439304344e-01,-1.194038165940874308e+00,-7.408059042874612365e-02,-3.414527770691015429e-01,-3.010796819847183503e-01,4.061373896672081096e-02,-1.237675317376818240e+00,-3.185980769301647308e-01,-7.655834941758313805e-01,1.588998946181293531e-02,7.481903930868517572e-01,-9.797234423712206652e-01,1.904817106045189279e+00,9.645216574524094755e-01,1.068453894249596248e+00,-1.450384714544795672e+00,3.376725419765992164e+00,1.540103511264187652e+00,2.262581400026564271e+00
5.317836692872521809e-01,6.720938920669032868e-01,-8.184353171245798420e-01,2.035087901951473655e-01,-7.535275962303872310e-01,-7.790140746865323873e-01,8.875980763057268463e-01,3.394275658593634004e-01,7.735301177192503985e-01,1.321035738239586088e+00,-1.173703505907259248e-01,-1.022415234721115951e+00,-4.597788517182941348e-01,5.732372221596540030e-01,8.482580634590010105e-01,6.448232210245293805e-01,4.410207566068308216e-02,6.205495159402082406e-01,2.384585234354863914e+00,6.352074093437589664e-01,-1.259473014074878661e+00,1.169683171715983683e+00,-4.430079883054529599e-01,5.456267402368177866e-01,-2.148765060505991309e-01,-2.902242891090163757e-01,1.375737624917566793e+00,-8.897490749467178162e-02,-1.088328589918785116e+00,1.088407057058846245e-01,5.649556606294805494e-01,-7.617726650567646640e-01,4.763397258953153135e-01,5.999652980455753015e-01,1.005579677440090691e+00,1.317800244964464573e+00,2.415518214810012665e-01,-5.432529630317192160e-01,1.712376277104252553e+00,8.173778036292996818e-01,1.951165858891491744e+00,4.626484613343723740e-01,1.247656383175860695e+00,-4.693663182096740466e-02,2.513061665921206833e-01,-6.659171102896993544e-01,4.683874205252066547e-01,-1.555241653047416905e+00,7.477402860526968231e-01,1.440282480654431208e+00,2.853319305163067310e-01,-6.246693194239952840e-01,3.422174313491924136e-01,4.583500368707567607e-01,-7.539527029794228508e-01,2.097423111560992481e+00,8.542625367571188288e-01,1.286693252613320126e+00,-7.046319682868530387e-01,-1.461128277265249631e+00,1.448867266795270448e+00,5.656822404429149298e-01,4.013494455232098357e-01,6.814275117207867494e-01,-3.859016024606257700e-01,2.069357855159917048e-01,6.268437582361717775e-01,-8.232817128681308994e-01,1.862536559242367745e-02,9.700377845753980210e-01,5.133762436154600817e-01,2.192820789329898989e-01,1.975402437677905021e-01,1.927888437304104974e-01,-4.067813878908247416e-01,-9.565102948270025607e-01,-3.409078272332538573e-01,7.993705594825920024e-02,-9.052507996689617142e-01,-6.624221155363799740e-01,1.602462606398861844e+00,-8.547720885866425533e-01,2.073501220563086722e+00,3.010491778718352940e+00,1.134163342885127879e+00,1.454791501683958321e+00,5.901669516294907325e-01,-2.950649727638716135e-01,-2.803187637335834842e-02,-1.820656778111843788e-01,7.125942765673036750e-01,-3.372437341965098812e-01,1.085872890697935578e+00,-4.706308168158215843e-01,-2.326309107629835060e-01,2.108838507293543385e-01,3.060717851796840652e-02,1.149743054781505514e+00,-2.415749746449924740e-01,1.353853305537830565e+00,-1.081348768267854366e-01,-1.171463620287116703e+00,1.756347939543354775e+00,-9.199870224789192807e-01,5.767955197611479567e-01,-7.826790221979228468e-01,1.603107935546150831e+00,3.031874285436860772e-01,1.003601910553465038e+00,-2.603119280593062523e+00,6.316141747247235871e-01,2.035729016285553250e+00,-9.580682588132619082e-02,6.178409013582349951e-01,-1.650237603354280658e-01,-1.112792037719939398e+00,7.157642393414787030e-02,1.326090404437112902e+00,1.261990943199812865e+00,7.326164751461918812e-01,8.298322638966412201e-01,8.886407779480103297e-01,7.801754967376912930e-02,-7.938527523478472459e-01,1.174550163798399716e+00,-3.466187194603192467e-01,3.368844251232014919e-01,-2.260154473548119658e-01,-5.615215703926521723e-02,-2.174089063258495547e-01,-3.623553074159474030e-01,-3.643864063646229390e-01,-5.461663049123157698e-01,3.223514651348483723e-02,4.033695392674853664e-01,-4.713967994577616394e-01,1.248839129312661500e+00,3.521316555709008700e-01,-2.084525381610621009e-01,2.114252266301339667e+00,3.278840587258886607e-01,-3.084967569200797871e-02,1.723285486045910364e+00,5.210215970550521325e-01,-8.359232614803925321e-01,5.878136082053366795e-01,6.706609535162419977e-01,-3.336177335354191809e-01,-4.592219319407094824e-01,6.651451228207377886e-01,1.280873813738291567e+00,9.426772228139877752e-02,5.933087287772165208e-02,2.296998645852997289e-01,-4.635132157714054735e-01,-1.162601598366010514e+00,1.303726020399834651e-01,-5.037103553687709567e-01,-5.324523621312530208e-01,2.062724342832891744e-01,-4.863668239910350910e-01,6.364510562158163243e-01,-2.220150620531283536e+00,-7.489088979649469735e-01,1.016974000063457950e+00,1.291158535716523392e-01,1.353723831317535042e+00,-2.667716547182899869e-02,-7.380756502366000449e-01,8.783128340819889024e-01,1.568264266232514359e+00,4.705075179802829521e-01,-5.066820293707389178e-01,9.564580218408972323e-01,5.958582786783892526e-01,1.874416404017614501e-01,-4.457643176630545212e-01,1.147697261275860248e+00,3.360478026821933084e-01,-1.208592174293218857e+00,-9.455109875626012406e-02,-3.582255847751024125e-01,-2.812638814373488727e-01,6.844484515360393928e-02,-1.226760786550642690e+00,-2.846473097426003851e-01,-7.903925246860352694e-01,6.782780310927692680e-02,6.994786623406682446e-01,-9.065143433313721522e-01,1.932210536768562026e+00,9.942178156008687484e-01,1.065119407708487564e+00,-1.434151640011491979e+00,3.365747529782574077e+00,1.529784934425586274e+00,2.346254207791327318e+00
5.675192647249294176e-01,6.609597428435504129e-01,-8.370091231375060836e-01,2.180545540311475128e-01,5.607029522738387062e-01,-8.108576901962021299e-01,8.633391440273682216e-01,4.555803563055096372e-01,6.765446929306633272e-01,1.380395667064763021e+00,-1.212199670627784193e-01,-1.022779398389415340e+00,-4.744083443130386879e-01,5.613334160175202925e-01,7.961662868418634131e-01,6.725366650082069686e-01,5.228089722989676114e-02,5.367980801382519207e-01,2.398714483917046891e+00,6.388163573927967409e-01,-1.220187136806059724e+00,1.136365253675085896e+00,-4.038348677107012619e-01,5.519593944075146252e-01,-2.003857381583420971e-01,-2.789066395024232814e-01,1.432095367031745337e+00,-8.964576734084128695e-02,-1.091282163870835431e+00,7.683046693482603606e-02,5.592793551171078015e-01,-7.593383823726503890e-01,4.996886901205417897e-01,6.175394637913960150e-01,1.030416364677311236e+00,1.344379591061253043e+00,2.321219128142298360e-01,-5.505878780795282479e-01,1.694689181131971312e+00,8.256800141561089212e-01,1.970787753852181856e+00,4.446291710656681828e-01,1.214737422650829179e+00,-1.894796261292416850e-02,2.837367435818763384e-01,-7.576254249839052823e-01,4.376377569182711702e-01,-1.668906345217584741e+00,6.170929609483776224e-01,1.399304710366864990e+00,2.088035024050358957e-01,-5.710514388844217804e-01,3.011870200163608846e-01,4.634026763005876792e-01,-6.951262220637233202e-01,2.092523587564834475e+00,8.037923682566817662e-01,1.312208769566184374e+00,-7.000207536567562006e-01,-1.503595560203374149e+00,1.440651617930627681e+00,5.580326512942686001e-01,4.062003374803683786e-01,6.656953164218881724e-01,-3.769112366108131051e-01,1.899564978105974800e-01,5.724709040770206148e-01,-8.428729888025359163e-01,3.992239571841816811e-03,1.024378941879918514e+00,5.345778865365125032e-01,2.542555978017719265e-01,2.083556547638691081e-01,2.137661138540497274e-01,-4.230522691334520080e-01,-1.021364059842063021e+00,-3.022423995709337396e-01,9.444039224248801379e-02,-8.727187011937086458e-01,-6.413307996881160156e-01,1.615291635701346706e+00,-8.443989262283385644e-01,2.688902759098593886e+00,2.982482599188536643e+00,1.178667838721500827e+00,1.397953264750285474e+00,6.387727962297424789e-01,-2.635628542168648725e-01,-3.947963111155478044e-02,-2.030555899349086035e-01,7.080468796745962301e-01,-1.880475367347299587e-01,1.078684031640559704e+00,-4.747151191901100575e-01,-3.042377044083649507e-01,2.696325341291499478e-01,3.853783882452786053e-02,1.183388466224945201e+00,-2.480824457844278963e-01,1.391094872274419636e+00,-9.672250779174436375e-02,-1.160097830662656371e+00,1.745148398157055469e+00,-8.787688596342209113e-01,5.739272559882507840e-01,-8.176369678614154868e-01,1.637111058354667747e+00,3.301955372802169997e-01,9.898000851136258271e-01,-2.614786000959498313e+00,6.303872987953562657e-01,2.041581345597156538e+00,-9.235022830190679766e-02,5.980789835384832109e-01,-2.003942996323649361e-01,-1.106819172774670346e+00,4.141267949088831002e-02,1.367132372365582160e+00,1.255122413846954332e+00,7.485401576379777655e-01,8.394413512317888681e-01,8.710413900089929440e-01,8.885322231384695790e-02,-8.925512863531863683e-01,1.196080837708109801e+00,-3.076198476449562014e-01,3.602388201442323079e-01,-1.666619690900456308e-01,-3.171183430724429375e-02,-2.038618160499383047e-01,-3.383672754139364636e-01,-3.076701113800112131e-01,-5.649360947205791517e-01,2.717935311434411388e-02,3.785096079591947493e-01,-4.641192927513256850e-01,1.275073424647426235e+00,3.779839343034614996e-01,-1.978713005986256768e-01,2.147968267431750178e+00,3.479833156044366271e-01,-2.564200759724988635e-02,1.690995679692243847e+00,5.306107728648082889e-01,-8.203196156555248031e-01,5.149158467776506765e-01,6.742688497544451209e-01,-3.474024090543997856e-01,-5.206115954175853933e-01,6.567691818468284204e-01,1.290905648252720361e+00,1.188633335691959975e-01,3.679228771349205007e-02,2.401407087089918457e-01,-4.513967848150935436e-01,-1.220089750134534468e+00,1.049650698965714224e-01,-5.150552404599635370e-01,-5.398662535615343927e-01,1.992723289994641767e-01,-4.882727413512922277e-01,6.293296491579855045e-01,-2.299676908775940110e+00,-7.190660918050002515e-01,1.037191551389711863e+00,1.146784191864347602e-01,-4.760256755795341799e-01,-3.308176678035467527e-02,-7.558417259425470602e-01,8.414567080793128317e-01,1.577201476608578679e+00,4.965419912053098961e-01,-5.342087122346097505e-01,9.251448566472610935e-01,5.308861444088976977e-01,1.665422740117624423e-01,-4.590092297510763863e-01,1.147238753950918566e+00,3.621786462264062201e-01,-1.198726340534081558e+00,-8.496110304317310014e-02,-3.344653964702509197e-01,-2.964615727988199056e-01,5.834128943162902176e-02,-1.205424454913067045e+00,-3.024490559102148146e-01,-8.378957308361054679e-01,2.340297380902772381e-02,7.465658745638550364e-01,-9.513332923898483173e-01,1.911564370326433115e+00,9.856761585706873552e-01,1.060913985220985456e+00,-1.434702138044753106e+00,3.374936085206609260e+00,1.545337459072254171e+00,2.348439912150648734e+00
5.335732349962447607e-01,6.585124503337392854e-01,-8.583247608898160186e-01,1.983631659837601091e-01,-7.664136366914618970e-01,-7.948095811247003484e-01,8.597277298413928959e-01,3.173154277969469916e-01,6.703506561179392031e-01,1.387681874922358505e+00,-1.263184578521984458e-01,-9.727666583164700231e-01,-3.974294950480334876e-01,5.464002634905255062e-01,7.959083340649579785e-01,6.372510365284872469e-01,5.354798163437545638e-02,5.888633759900087083e-01,2.392547003591457777e+00,6.480797733592036369e-01,-1.234897079272219367e+00,1.139859818696907112e+00,-4.062148007146482165e-01,5.629246175438141764e-01,-2.014949669604201854e-01,-2.666264913047660112e-01,1.424843068443833571e+00,-9.628459053150428826e-02,-1.091593674954814519e+00,8.688094572195599608e-02,5.785579123534345669e-01,-7.711643196835200609e-01,4.987126228458889643e-01,5.953298521552657929e-01,9.653374312991532813e-01,1.289322854588878631e+00,2.278181315549167030e-01,-5.865304000433348985e-01,1.633453593028033390e+00,8.293737039895314744e-01,2.003988996046187854e+00,4.491350595951368874e-01,1.211180652969663152e+00,-3.912944713708096239e-02,2.865602391688784056e-01,-7.571639407873067551e-01,4.324666034313648377e-01,-1.624362497795481364e+00,7.511526362892455566e-01,1.404448535178678625e+00,2.331160449855454730e-01,-6.246935058388468631e-01,3.051888164046049345e-01,4.473500335646991566e-01,-7.429371879814781199e-01,2.106148342921185801e+00,8.354083673611648608e-01,1.312311163861544783e+00,-7.075228860228924832e-01,-1.436179614658079196e+00,1.430788491212912072e+00,5.528910527828658772e-01,4.113427453347414109e-01,6.589351210710242546e-01,-3.765859447150622930e-01,1.560591957384105388e-01,5.655238861855746979e-01,-8.695622418497476191e-01,4.507582200567348402e-02,9.682010848797591995e-01,5.045036688029379546e-01,2.161149635322998086e-01,1.859342122123209540e-01,1.909547177505887816e-01,-4.356862162532577631e-01,-9.643742057340050078e-01,-3.254724454224559582e-01,1.188530643729934777e-01,-8.694046526355670990e-01,-6.475200514081539405e-01,1.624289560636591023e+00,-8.502806442095076633e-01,2.682118538397975538e+00,2.994603858212653513e+00,1.100155321650654550e+00,1.466231186870449177e+00,6.399154830569599994e-01,-3.111657597403056918e-01,-3.274432882278951323e-02,-2.088787153078467684e-01,7.105099139625776772e-01,-2.426246535585590558e-01,1.057902281220389762e+00,-4.632638311584111324e-01,-3.035606455821313610e-01,2.667741877843098353e-01,3.888674760849832046e-02,1.180733100842970451e+00,-2.091361749393038094e-01,1.358827210725379597e+00,-1.005143644990870722e-01,-1.157286943891875586e+00,1.748697441659194940e+00,-9.392083253520348007e-01,5.771709084714063964e-01,-7.870053815986984835e-01,1.612085104202910069e+00,3.091109682594051500e-01,9.926535170770661720e-01,-2.508866470279131899e+00,6.247052135960807773e-01,2.036992390314667833e+00,-1.054143694500127015e-01,5.790483916506380391e-01,-1.660308789147847963e-01,-1.078688660139949240e+00,1.493583289057476282e-01,1.349680164046960895e+00,1.252435360515718799e+00,8.164739704675615384e-01,7.985293245440019394e-01,8.616087870331949894e-01,1.248210915399202148e-01,-7.691904313605355537e-01,1.184230935638302284e+00,-2.933846834557056193e-01,3.763307734423121387e-01,-1.742834309623634836e-01,-3.491521879017375068e-02,-2.123923171634470586e-01,-3.261226989066243753e-01,-3.057882710139042115e-01,-5.637059232203710524e-01,4.715752390652113574e-02,3.540811849936524314e-01,-4.475037712264051670e-01,1.265671686959686904e+00,4.034799311625535956e-01,-2.110889422569099116e-01,2.082225504227601665e+00,3.156682689587289592e-01,-4.740417587288632897e-04,1.673114207001491716e+00,6.092579381764350321e-01,-8.671187306610274037e-01,5.002256041880283055e-01,6.746726791047946703e-01,-3.362238604729048674e-01,-5.343850553892587341e-01,6.930903432631781991e-01,1.292748596070784073e+00,9.944283846606556676e-02,8.088626480707365729e-02,2.415425522165277894e-01,-4.539699966570631129e-01,-1.262344514912884241e+00,1.101558416814526070e-01,-4.970736119750979176e-01,-5.447636120424981243e-01,1.817683112814962865e-01,-4.740444724191772985e-01,6.303050822793866415e-01,-2.234258021561955854e+00,-7.440477413318784539e-01,1.034303115575239795e+00,1.055420203359386938e-01,1.371188202674450185e+00,-6.741662435867296077e-02,-7.567743557173066682e-01,8.406967166981094142e-01,1.570858550150958433e+00,4.987586694975189028e-01,-5.276694286361628405e-01,9.712718716581669742e-01,6.274216757797133059e-01,1.670212580884180287e-01,-5.251045151643930486e-01,1.165297362210743426e+00,3.309551986431344406e-01,-1.209005405775943176e+00,-7.622334811195007054e-02,-3.366917772729392522e-01,-3.060119175105299738e-01,8.733300878306753112e-02,-1.204249981395217661e+00,-3.145958131284467552e-01,-8.440017125341447990e-01,2.119156398952767167e-02,6.900438908364718849e-01,-8.901382329079891020e-01,1.922054513851809920e+00,9.901459820102259668e-01,1.079705187105981512e+00,-1.434823679279880082e+00,3.390579241404133359e+00,1.539875582812922472e+00,2.350628137919352767e+00
5.597599807214209688e-01,6.908557309761785836e-01,-8.392179036308532458e-01,1.990560131395063548e-01,-7.314816165668025505e-01,-7.968521619320030336e-01,8.467659188768513756e-01,3.238002130842167481e-01,7.564553116000063415e-01,1.377685170734046283e+00,-1.094846428500824281e-01,-1.029322145750876327e+00,-4.001376286521268755e-01,5.577397932586152240e-01,8.580032284638594575e-01,6.477382602022189184e-01,3.706215027906064469e-02,5.323273137112668474e-01,2.429746963462062315e+00,6.383887102557208593e-01,-1.266690578049981752e+00,1.128859427803476034e+00,-4.107962143706574420e-01,5.697332276415072450e-01,-2.058945246632586934e-01,-2.654157929351588230e-01,1.409874411534381311e+00,-1.136829546485615822e-01,-1.090551507351154026e+00,6.474564569820899507e-02,5.626831840564745502e-01,-7.675928417014117322e-01,4.777850387824406631e-01,6.183538815688031098e-01,1.027302681870554846e+00,1.299472455532601156e+00,2.339322116639689919e-01,-5.586757031943737628e-01,1.696548841266421803e+00,8.180436741101415610e-01,1.914895089174561305e+00,4.636823477113027892e-01,1.199588569854957321e+00,-4.764657855814709297e-02,2.619380447126675171e-01,-6.594414307171020395e-01,4.662616823268930233e-01,-1.656467613466118705e+00,7.193426549742557574e-01,1.388098947097243796e+00,2.046071154396861269e-01,-5.818931479685838237e-01,3.010451051102900344e-01,4.108627455299297959e-01,-7.714044867820878393e-01,2.087302423731560719e+00,8.568855178459345856e-01,1.329713369747910656e+00,-7.117410519712846773e-01,-1.500377918299804492e+00,1.461063694251957035e+00,5.395769539912762536e-01,3.826995491842647423e-01,6.717439959819386797e-01,-3.973913558823842784e-01,1.894953878348991927e-01,5.550377546096458836e-01,-8.285189853138497096e-01,1.162862149014274628e-02,9.479829594114630442e-01,5.453957000662625898e-01,2.614071512957143462e-01,1.983075144358527053e-01,1.812184454143876688e-01,-4.071728410463256731e-01,-1.011361469141398128e+00,-3.089023865119828738e-01,7.935443472667357001e-02,-8.792843748790512004e-01,-6.317308798896016375e-01,1.586248902110932280e+00,-8.826539650975352425e-01,2.072872111189585365e+00,2.964773137294168581e+00,1.111427344903789693e+00,1.471429383048993289e+00,6.364680059985248217e-01,-2.755845798981695349e-01,-4.076751255074470212e-04,-1.848702105503789994e-01,7.555587083160104633e-01,-2.350124383690077035e-01,1.097302161222510675e+00,-4.443163713193099551e-01,-2.945762075457873941e-01,2.856320913027088348e-01,3.692939848358051461e-03,1.141706238094681858e+00,-1.812171276328508052e-01,1.393912960133672607e+00,-8.648985575165189787e-02,-1.113506114223661969e+00,1.761495125242425797e+00,-9.294582178445301990e-01,5.697604960443116706e-01,-7.856817055377997017e-01,1.632903812194142379e+00,3.561373608492590104e-01,1.004316825127719026e+00,-2.603886188931761492e+00,6.475452027983059633e-01,2.024499772239749085e+00,-1.209022681030283569e-01,6.144566335433457871e-01,-1.532130618466633065e-01,-1.097757618986951567e+00,1.166581859278886801e-01,1.362924324622505345e+00,1.225209579420839967e+00,7.621037713725631324e-01,8.219908152037281868e-01,8.650479685839859156e-01,9.131024325574746414e-02,-8.946138899908576692e-01,1.199060489272153696e+00,-3.215658317720782589e-01,3.102308146706418412e-01,-2.065496182332188790e-01,-1.725018910770592315e-02,-1.840174788180197751e-01,-3.264121489385141128e-01,-3.390203496161319219e-01,-5.491291910075903893e-01,6.352548818380840401e-02,3.424007588061797613e-01,-4.480614309515325577e-01,1.259731038982563556e+00,3.548139342891700188e-01,-2.404065585253429282e-01,2.095707679456784156e+00,3.163605843143680874e-01,3.198941212607972484e-02,1.713246095359038712e+00,5.131659304847410175e-01,-8.482191135704972851e-01,4.918387321280239810e-01,6.558562871710196251e-01,-3.284003216888417009e-01,-5.437217871508519540e-01,6.617129374469686853e-01,1.260429899958020128e+00,9.615446782416477156e-02,5.598241339444826048e-02,2.117150958264204519e-01,-4.276765836988910552e-01,-1.220909125795448968e+00,1.754964604174380771e-01,-5.046672000115877132e-01,-5.882984443195602431e-01,2.004268385707065614e-01,-4.615304962823429391e-01,6.172924183136904164e-01,-2.303848803130838618e+00,-7.155028824693280276e-01,1.024143414735079194e+00,1.343047473412940507e-01,-4.608879244754660598e-01,-7.848822763967019944e-03,-7.557334130170098030e-01,8.727448305193872269e-01,1.573991623989893229e+00,5.032412418567213663e-01,-5.210574830002265845e-01,9.624511031881806122e-01,5.761452289264868964e-01,1.741165780174112332e-01,-4.504901704076405000e-01,1.159981396839720347e+00,3.235923410890068075e-01,-1.178052761892675493e+00,-1.136988365835450571e-01,-3.325699926044494159e-01,-3.163172726252050926e-01,1.241903035361755364e-01,-1.217848510950389374e+00,-2.793811673372043058e-01,-7.883984450474956773e-01,3.749695886555354934e-02,7.281718552603142491e-01,-9.362309977266233263e-01,1.915549156082279270e+00,1.005252079070266591e+00,1.031919726953111516e+00,-1.416348362336500966e+00,3.311926331578336935e+00,1.546542743053725744e+00,2.494375935346724305e+00
5.513657396624477292e-01,6.611072649331654061e-01,-8.424234902779540457e-01,2.098400744895987935e-01,-7.387439586711669337e-01,-7.673413301868046155e-01,8.510601990057503619e-01,4.529960212184214186e-01,7.528292045648471431e-01,1.372285615593394459e+00,-1.051021862490360975e-01,-1.003358419260176770e+00,-4.294413633569432176e-01,5.507706778682436299e-01,7.856201198223333737e-01,6.444512429466801029e-01,4.112993148359688628e-02,5.258340725620205269e-01,2.408032118197696470e+00,6.438585102182133868e-01,-1.246028303047260088e+00,1.142842337677367759e+00,-3.870353438242234434e-01,5.342725773048465632e-01,-1.804964631268121678e-01,-2.661538055197948949e-01,1.386072333210557117e+00,-7.766888537431737571e-02,-1.115504129417849599e+00,8.091153071468379365e-02,5.774579953701444168e-01,-7.625841044930343759e-01,4.617630138448233779e-01,6.109602421915021342e-01,9.706415446614505838e-01,1.324260197437427733e+00,2.205474535302503480e-01,-5.536779040336502478e-01,1.703435631267047556e+00,8.209654565354371769e-01,1.939062354266050558e+00,4.272063072459411637e-01,1.212516939632306556e+00,-1.013629046532582741e-02,2.560790409915368326e-01,-6.774680558989332191e-01,4.450826238010680558e-01,-1.565565523532608250e+00,6.216019950023923268e-01,1.416241740454721176e+00,2.016746965194170238e-01,-6.017399807753298635e-01,3.841425981625355979e-01,4.595417823636295807e-01,-7.528442734108021783e-01,2.104060173037060721e+00,8.475630253825727767e-01,1.293448121796205497e+00,-7.109894401395957519e-01,-1.405725310752450774e+00,1.438547718973206102e+00,5.748562602647868669e-01,4.072806686485174188e-01,6.750616358729031319e-01,-3.910354621748424742e-01,1.897090867250418866e-01,5.753085827011487075e-01,-8.753460100081985606e-01,-1.964509987083042607e-03,9.542449361542011399e-01,5.483983283641589157e-01,2.928245234880508252e-01,1.983805870104877189e-01,2.287395301029464811e-01,-3.821613803473151716e-01,-1.021985501014476050e+00,-3.314183212866892991e-01,1.035543141566740294e-01,-8.691826041607393361e-01,-6.290160239330424563e-01,1.583802447251573930e+00,-8.668630705175389695e-01,2.080891179227319476e+00,2.983044823746891616e+00,1.098442305301814859e+00,1.457884764432980429e+00,6.445140073270122505e-01,-2.647783072792004866e-01,-3.095364272172903761e-03,-1.933104137106792797e-01,7.480290485694978120e-01,-1.888216030799347855e-01,1.076789880953953116e+00,-4.817767444659296072e-01,-3.029086463486204139e-01,2.904897613642367094e-01,3.893197758139683995e-02,-1.461881144135128430e-01,-2.233375568058495186e-01,1.378120397280242271e+00,-1.073843473603417614e-01,-1.101474910601821344e+00,1.760825352030306767e+00,-8.833427952742622935e-01,5.840982523135611615e-01,-7.844646699376449650e-01,1.638520311367812399e+00,3.087292454593982272e-01,9.793153789007732479e-01,-2.649013451442122857e+00,6.161680445383725946e-01,2.048479625643335744e+00,-8.651536932210346365e-02,6.039666146688050796e-01,-2.001543556241051902e-01,-1.101484471902449025e+00,4.507540374606841538e-02,1.381125972903300969e+00,1.242988312016551911e+00,7.778678032349531923e-01,8.426450763435777702e-01,8.706154934082602770e-01,8.807835105247316387e-02,-8.670336390932590342e-01,1.206377106314659331e+00,-3.073653948818912407e-01,3.617885020756952397e-01,-2.101362912002086580e-01,-4.412442608206843669e-02,-2.029052579534609546e-01,-3.503476639105534973e-01,-3.259401130956428583e-01,-5.493286860588433296e-01,6.537046431507785582e-02,4.442927755161127923e-01,-4.380880328450814654e-01,1.252516467050130977e+00,3.888915926384540200e-01,-1.832243665894203732e-01,2.094865846216833916e+00,3.037905308974416796e-01,-5.695656414509355989e-03,1.735956448676817976e+00,5.328161274481023613e-01,-7.826726997246720163e-01,5.351854676515195308e-01,6.741117574036580296e-01,-3.553588435999308071e-01,-5.375289297980877512e-01,7.799520563386943550e-01,1.279659467757909841e+00,1.124342228265457211e-01,-1.156471197844288409e-02,2.077969035663448094e-01,-4.607524327059692726e-01,-1.149838179176023267e+00,1.445195235683596202e-01,-5.238471294786086752e-01,-5.052996511649658906e-01,1.854262008448670507e-01,-4.129193575721444853e-01,6.270900662656959668e-01,-2.292401357141430562e+00,-7.203506551312515160e-01,1.026772394078162565e+00,1.144417400239098048e-01,1.360065614622430363e+00,-2.732572608808529410e-02,-7.835697879228312734e-01,8.395560752893204137e-01,1.553231837693108464e+00,5.577923636635453430e-01,-5.317522967686223456e-01,9.283127077634790725e-01,6.213804569556251600e-01,1.816120407894812050e-01,-5.194194926060741180e-01,1.132557239697177254e+00,3.306632411171074870e-01,-1.191584268566721727e+00,-7.595809410883702650e-02,-3.478609756646875995e-01,-2.787438805775076522e-01,1.195897715979940268e-01,-1.205557367536219004e+00,-3.034309532452358904e-01,-7.670902086142624698e-01,2.333647447860039484e-02,7.636574255178500970e-01,-9.117118871385138101e-01,1.919085209827250615e+00,9.678207167579077064e-01,1.085934160600369625e+00,-1.473121109656971406e+00,3.344047083768207695e+00,1.551746287323771289e+00,2.632348804546805532e+00
5.460603470037731499e-01,7.025764408748246259e-01,-8.171353755313417455e-01,1.700058880085599244e-01,-6.917129817837979200e-01,-7.965035756855916027e-01,8.575219894160041045e-01,3.642152623432530767e-01,6.625855282720217732e-01,1.367243714661380505e+00,-1.207745788221760014e-01,-1.047272517679090464e+00,-4.282423259758554868e-01,6.211408074971002113e-01,8.049580061071393011e-01,6.257213099833837111e-01,4.091128942863127282e-02,6.117340902125557589e-01,2.358291306493296879e+00,6.237653031325479658e-01,-1.272411830795678434e+00,1.126137030585679932e+00,-4.151721576657765866e-01,5.755652130323387627e-01,-2.191072748017536820e-01,-3.818834547935340273e-01,1.367460955428314140e+00,-7.048773358153388735e-02,-1.092242714327932296e+00,9.118263636772454273e-02,5.670708772160215627e-01,-7.916780295423073710e-01,4.867850749484693984e-01,6.358171313740822450e-01,9.683153610798057587e-01,1.316286928008842949e+00,2.073349269099246106e-01,-5.162141909996855738e-01,1.659981520001646338e+00,8.093944689848988627e-01,1.966403398457688079e+00,4.911346490001905485e-01,1.218137137810718862e+00,-4.718459202420519777e-02,2.411262624099198559e-01,-6.812643344336906104e-01,4.366771975132662242e-01,-1.685773460779296018e+00,7.120300996951791639e-01,1.399513881970567253e+00,2.161921106334044329e-01,-6.411545610452407118e-01,3.979532785003435658e-01,4.450975640418330381e-01,-6.755346131854754743e-01,2.099776196581884857e+00,8.389647520806601255e-01,1.299622953909252976e+00,-7.090278461267378596e-01,-1.416232785206143596e+00,1.443381357323389791e+00,5.747604732529099092e-01,3.628106672875937577e-01,6.570691682224114594e-01,-3.738866295153510100e-01,1.464388052258636941e-01,5.627976591126899741e-01,-8.638259492412130314e-01,3.948136377033844430e-02,9.831995981950046870e-01,5.271384849589222377e-01,2.744997741507687050e-01,2.058884180135364395e-01,2.160656164469282325e-01,-4.160801474672183309e-01,-1.016465629422836470e+00,-3.416741314501083870e-01,3.721609286611271550e-02,-9.049396306823729308e-01,-6.391425664390870676e-01,1.606310364261254398e+00,-8.274844033666454157e-01,2.085011877853034434e+00,2.986869533547996447e+00,1.119008280682680212e+00,1.472235341489759541e+00,5.883883729861687506e-01,-2.614425013504465545e-01,1.304828061089797521e-02,-2.123294558787305608e-01,7.236584618312745798e-01,-2.114400144959639183e-01,1.101552912210897794e+00,-4.674259210686287358e-01,-3.094187527548084016e-01,3.061241579987000194e-01,3.064470684128937569e-02,-1.600426306944676413e-01,-2.059416778733916820e-01,1.344862976460471593e+00,-1.119181897558206434e-01,-1.256018202258726513e+00,1.780124898016855584e+00,-8.867959494026529388e-01,5.685558495294237291e-01,-7.956878291268302261e-01,1.627817505753926142e+00,3.447809146332919683e-01,1.004495394557445742e+00,-2.663092646852667666e+00,5.805483840430660791e-01,2.028157940025856476e+00,-1.032805857506488706e-01,5.958864607860421270e-01,-1.613264352734117002e-01,-1.095597630298077219e+00,1.089119422227507739e-01,1.378987313814606264e+00,1.249035015796163828e+00,8.083832804022063057e-01,8.293796855749601127e-01,8.131091490464650295e-01,1.089128691990578074e-01,-7.957183480054975666e-01,1.179573390054957205e+00,-3.237396075451528521e-01,3.446735316275592598e-01,-2.225310466660501696e-01,-6.008912541966304061e-02,-1.819154621358616553e-01,-3.493680885531005309e-01,-3.486218848633809153e-01,-6.229677395598680611e-01,8.607864599051667787e-02,4.368225208052871622e-01,-4.286400991699844121e-01,1.252029038555718898e+00,3.509303839633679534e-01,-1.969234568578679956e-01,2.142258763619925066e+00,3.066725784496726059e-01,5.157932645686626183e-02,1.705111183514922857e+00,5.328407165701671833e-01,-7.881032352763299720e-01,5.506825340839657246e-01,6.429243198333657316e-01,-3.382261872455871177e-01,-5.074766617442242334e-01,7.964123014118171806e-01,1.329081678376357711e+00,8.817802260371143674e-02,3.263555971019840851e-02,2.173813974770237301e-01,-4.313411542642530683e-01,-1.234778540072880793e+00,1.387917895692801773e-01,-5.138655902610097526e-01,-5.312688581250282205e-01,1.497798216427799756e-01,-5.057144117758916035e-01,6.545516784522276144e-01,-2.254279080751529385e+00,-7.472637600066387442e-01,1.029716173916118471e+00,1.104103475245736682e-01,1.376541219775663460e+00,-6.236739451442847165e-02,-8.100691460241623565e-01,8.953596200789107895e-01,1.578297842862153022e+00,5.191696356185436789e-01,-5.235496844038730613e-01,9.588895180872735180e-01,5.595352527470405235e-01,1.850358212876492825e-01,-5.186219005227638013e-01,1.156857820220807964e+00,3.220040611102842343e-01,-1.196428120061943323e+00,-6.878032809877418496e-02,-3.733359355098840870e-01,-3.193546442695807119e-01,4.387153935441661518e-02,-1.150739515707074556e+00,-3.125887771223412881e-01,-7.894475516782041291e-01,6.081100876175758729e-02,7.698232744868344080e-01,-9.109743573060891109e-01,1.927921810957454740e+00,9.590117112272593669e-01,1.044740366689532074e+00,-1.428113695133091277e+00,3.308184148117732093e+00,1.533816934973261992e+00,2.914736836635602568e+00
5.573593861012064998e-01,6.626722171951741069e-01,-8.469261589823812164e-01,2.255357538298934372e-01,5.949061040557058755e-01,-7.745177472079830538e-01,8.437839054063387412e-01,4.510380517771549469e-01,7.564285339251528573e-01,1.380374478427273122e+00,-1.208906478712340471e-01,-1.014332639765930022e+00,-4.287077662965131375e-01,5.569858929829609728e-01,7.798392653701619048e-01,6.618110204732700064e-01,3.526281559700499696e-02,5.233386219275831808e-01,2.406438635640290702e+00,6.401607074356610028e-01,-1.277678753268684186e+00,1.146752466014931748e+00,-4.171730881495732124e-01,5.377398485533455563e-01,-2.064091302363315894e-01,-2.957051028311495910e-01,1.397359110087043055e+00,-8.657529275234709942e-02,-1.113047293200790433e+00,8.910144960348750920e-02,5.203028882328259996e-01,-7.730701332528167047e-01,5.228335623510338426e-01,6.104426693087160460e-01,1.023859564638783359e+00,1.329620786666706689e+00,2.222417783406672454e-01,-5.297120020175614119e-01,1.691831372522467403e+00,8.387492491766912472e-01,1.973332592099143801e+00,4.589006028518258229e-01,1.210520545842185713e+00,-8.503137169988314592e-02,2.388976902086862308e-01,-6.690611861079910350e-01,4.478959380064023166e-01,-1.662412924319758289e+00,7.183612687938364383e-01,1.400562032989780992e+00,2.064785131870896240e-01,-6.174113120505444474e-01,3.667404516312786078e-01,4.214033721684083966e-01,-6.944932640771298571e-01,2.080015540745336011e+00,8.455232869196813716e-01,1.322518287524311553e+00,-7.327542354652835099e-01,-1.498126705347679666e+00,1.466779627248165019e+00,5.650290282525828323e-01,4.070884847015786567e-01,6.880190492629137955e-01,-3.907927018757810789e-01,1.523018379337239270e-01,6.056187107965135263e-01,-8.480716149959929284e-01,1.938633782579165903e-03,9.529667713088385561e-01,5.289530171113675516e-01,2.632835411730682917e-01,2.007442661800106221e-01,2.346994467840597121e-01,-3.792933886270624111e-01,-1.023982729529003377e+00,-3.049336303121485403e-01,5.562104909260374985e-02,-8.387164974684618857e-01,-6.427183891839262087e-01,1.605876153189312872e+00,-8.631579635740385115e-01,2.078563048115099843e+00,3.022272979352203404e+00,1.190550990110775365e+00,1.464816399985630291e+00,5.899883951775583002e-01,-2.935297585116296015e-01,-3.032880177086679473e-03,-1.850921254311830022e-01,7.442689570909482022e-01,-2.026831962473958915e-01,1.077175045191837155e+00,-4.989772027897748097e-01,-3.008333941811792700e-01,2.861165956912205544e-01,2.817512699362835146e-02,-1.401861099285642009e-01,-2.355641102115583752e-01,1.352765052972135118e+00,-9.997352863675736112e-02,-1.246423195999633471e+00,1.758227386943115977e+00,-9.523685274093039999e-01,5.741727921852032290e-01,-7.864624636970339866e-01,1.641720726181129519e+00,3.504529283494361991e-01,9.942500561235795287e-01,-2.629125016559320738e+00,6.459652121706600525e-01,2.046458637283719462e+00,-1.594398777426910829e-01,6.005874481325406133e-01,-1.970460471703873451e-01,-1.091677725773504193e+00,1.152873852970916768e-01,1.371445248201984324e+00,1.272185185247051598e+00,7.776500047779755231e-01,8.363938975397198217e-01,8.103305379900141991e-01,1.168462325262343421e-01,-8.954499225848511212e-01,1.195838466521485621e+00,-3.151431205938471924e-01,3.663023284716689365e-01,-1.652366840478781684e-01,-4.838906117830965581e-02,-2.401885157869039500e-01,-3.759065537464360562e-01,-3.309257344186661287e-01,-5.515410827806628280e-01,5.583024069937590067e-02,4.424826242093916617e-01,-4.755994761219834444e-01,1.214733101488977951e+00,3.754399503480429501e-01,-1.941197363961575384e-01,2.109132192562899633e+00,3.289495258863051053e-01,3.432933335202627279e-02,1.686613045652344711e+00,5.477637937031332172e-01,-7.873232277865003237e-01,5.217967704642497706e-01,6.747651435317710833e-01,-3.339160143129369374e-01,-4.923796432461313710e-01,6.590562931999949248e-01,1.302587369677444373e+00,9.337634959572650717e-02,3.379531922496983865e-02,2.199252546553621956e-01,-4.591274662917220750e-01,-1.236161032167482743e+00,1.475404523401659118e-01,-5.222180577646938771e-01,-5.258333940553424624e-01,2.060408843681364732e-01,-4.866558928401560347e-01,6.375908671145058548e-01,-2.290455070955749850e+00,-7.066017522472333168e-01,1.031125377968489243e+00,1.183467779037040146e-01,1.351769111721642380e+00,-3.674272574714829154e-02,-7.506130427853153764e-01,8.346337968514169203e-01,1.570452860325409095e+00,5.018755667522515340e-01,-5.400507603494891784e-01,9.400224238859967718e-01,5.316217184484121061e-01,1.806642885084530636e-01,-5.172506509452931001e-01,1.149721379129679422e+00,3.340328551809539914e-01,-1.189811291051952713e+00,-7.701648391119068904e-02,-3.448852087223790441e-01,-2.697730891637346029e-01,4.511780820226368033e-02,-1.200566053587349025e+00,-3.109233562639893700e-01,-7.682956350832496062e-01,4.012399213687774940e-02,7.544676903152696124e-01,-9.127893104737619945e-01,1.910123187325941663e+00,9.678156420888045508e-01,1.059442228527875285e+00,-1.428432984317916654e+00,3.379695531176055034e+00,1.546856427654673904e+00,2.978869252662659672e+00
5.699943552819759507e-01,6.708851469142893542e-01,-8.369432066626507627e-01,1.955232427966562825e-01,-7.622474765809230668e-01,-7.896824843795171578e-01,8.380999268786365475e-01,4.585947210978841837e-01,7.270144931937640997e-01,1.390408460042441119e+00,-1.216296976544766900e-01,-1.034891844328187371e+00,-4.346305735616562416e-01,5.865913664414199591e-01,7.990041781991256142e-01,6.331719260446250219e-01,4.475479716625348214e-02,5.385182918552565701e-01,2.423281814413482227e+00,6.405074263006190760e-01,-1.230656520124624453e+00,1.152189360349622937e+00,-3.998930448753306166e-01,5.353046527475048277e-01,-2.161171387486766904e-01,-3.523293376595926230e-01,1.426954431101786547e+00,3.955770026423850901e-03,-1.105074708064438749e+00,8.892320396171836394e-02,5.567825816291784857e-01,-7.716028134971687491e-01,4.990810873701118644e-01,6.017465221879176873e-01,9.625410824339855065e-01,1.299049024331099700e+00,2.299552167183028240e-01,-5.199278896445195253e-01,1.715138733432231222e+00,8.216849788889489803e-01,1.964271517831712721e+00,4.846989780850762264e-01,1.235927151726124329e+00,-2.145067824842819548e-02,2.869469632705520246e-01,-6.935673289063424285e-01,4.577191004564868937e-01,-1.656551658357157564e+00,7.491035878890341948e-01,1.396420957240678939e+00,2.160355705100024393e-01,-5.963669740057718771e-01,2.957499012416054396e-01,4.318594821947436824e-01,-7.711150376962155883e-01,2.092854227290389613e+00,8.058110256859164489e-01,1.307809172723713997e+00,-6.597390784386897300e-01,-1.502338992875876800e+00,1.439679743880293739e+00,5.782931665678480160e-01,4.018924289925634441e-01,6.592980783622318652e-01,-3.799803596015574048e-01,1.523665539805526548e-01,5.757814272337771211e-01,-8.660951170316824044e-01,4.574528461535345980e-02,9.513198365354078589e-01,5.591225194392007714e-01,2.847858863208379554e-01,2.062923802402982787e-01,2.240991655668292393e-01,-4.157751273767746891e-01,-9.628439569904704287e-01,-3.063324307537070856e-01,9.848125908191333877e-02,-8.751740716361803285e-01,-6.431711911975570573e-01,1.610459112114697833e+00,-8.307657871340725642e-01,2.693000955192208945e+00,3.011088890652581451e+00,1.187646738546725311e+00,1.454912918179235293e+00,6.005190538480350559e-01,-2.706398895473057231e-01,3.980490195024201372e-03,-2.073062697198634896e-01,7.185572455974620354e-01,-2.443179289958149480e-01,1.078121465152763969e+00,-4.721167873526303516e-01,-2.506149171205587223e-01,2.684261173199335992e-01,4.084033427066704330e-02,1.192818194958115807e+00,-2.124152160073798090e-01,1.390953084127181549e+00,-1.139879097375551403e-01,-1.247335388338312701e+00,1.735298989147239901e+00,-9.330303760391178702e-01,5.807771195712679857e-01,-8.195125667591238727e-01,1.618358302197318022e+00,2.977363458651212658e-01,9.805973276479038603e-01,-2.573093070434169682e+00,6.085560578472083426e-01,2.023460476272488595e+00,-8.777302682430383751e-02,5.577298201895597440e-01,-1.761851455503881392e-01,-1.097353602810684503e+00,1.521007801848311414e-01,1.369876707337220667e+00,1.270191960526896313e+00,7.963639974011814671e-01,8.434081112838790473e-01,8.520011189848346600e-01,1.140368716277032624e-01,-8.791032193397905203e-01,1.189972432874624175e+00,-3.400268334611041277e-01,3.726142198019974927e-01,-1.682694630440283168e-01,-2.024632113528460411e-02,-2.316307665686198891e-01,-3.248620846529206019e-01,-3.161054768445428209e-01,-5.551625735822248719e-01,3.969496870637760633e-02,3.768923666551390883e-01,-4.464038404624113276e-01,1.250590465407981799e+00,3.968875342935484496e-01,-2.029834109512700935e-01,2.131717112057788022e+00,2.858499848576804836e-01,-2.420271131832049671e-02,1.776836201790685799e+00,6.111586035018072849e-01,-8.103089939338460335e-01,5.043562280998060698e-01,6.369927506081567437e-01,-3.426232150743241944e-01,-5.214663335648108689e-01,6.837941118926423867e-01,1.291634171498204475e+00,1.116521374476404649e-01,-1.309140782193490837e-02,2.387695837493202800e-01,-4.696151734186366777e-01,-1.222755163786308552e+00,8.058566200019079417e-02,-4.982691030918304786e-01,-5.204834083787253096e-01,2.344059451402687455e-01,-4.712801825731812722e-01,6.367632733913325405e-01,-2.223654317737307817e+00,-7.188596895869270309e-01,1.026214364800868362e+00,1.044696003433161768e-01,-4.688063403149212993e-01,-3.459144079018489082e-02,-7.893022597213182889e-01,8.465317694623738509e-01,1.577543064856005817e+00,4.982748176334124701e-01,-5.234357976588228656e-01,9.390773438494867120e-01,5.404634271819568347e-01,1.630560635070359699e-01,-4.814511386084366906e-01,1.154737220151784483e+00,3.595074993284766984e-01,-1.104527201330254282e+00,-8.968994636868460324e-02,-3.431565425499314981e-01,-3.031800859549390048e-01,1.113851348375716477e-01,-1.239420681281237835e+00,-2.866845239551237268e-01,-7.891656551064680780e-01,6.790256507461986391e-02,7.544673035059696886e-01,-9.129214297291128322e-01,1.917774638152886846e+00,1.019052264162490840e+00,1.078727049159451834e+00,-1.397958213894413548e+00,3.339629806304073245e+00,1.520396452517762009e+00,3.051117926871380170e+00
5.519735390124849150e-01,6.731044255988005709e-01,-8.551628448540639083e-01,1.955912072316189632e-01,-7.353002109759093630e-01,-7.893267550753326756e-01,8.491222280181798254e-01,4.460214263984925709e-01,7.817562432263452932e-01,1.370810204141165833e+00,-1.239423059051504711e-01,-1.013069435716990929e+00,-4.365859737690870324e-01,5.578465083873173080e-01,8.692239286157583678e-01,6.407170224546940851e-01,4.118443339378527468e-02,5.380605897881221011e-01,2.399946357465143620e+00,6.549210454275204984e-01,-1.237827781567982566e+00,1.147292433127277578e+00,-4.230909609897302581e-01,5.407727365994409174e-01,-1.990904560147694069e-01,-2.904218786366805638e-01,1.442381806712145886e+00,-7.518648234529283492e-02,-1.138852013124320939e+00,1.236576838604311196e-01,5.503060441316156570e-01,-7.465242058722818541e-01,4.705689956148534914e-01,6.115617146110188251e-01,1.029299652405306187e+00,1.315987718827397401e+00,2.215514276227657786e-01,-5.218938929969249019e-01,1.702718898340269682e+00,8.273664553276555145e-01,1.944799249454880918e+00,4.274785972434254622e-01,1.169602082358505379e+00,-8.476856425081122359e-02,2.466934005730552770e-01,-6.700479530429904740e-01,4.897879437636382671e-01,-1.579201450748848545e+00,7.240364247064140502e-01,1.418764006661909827e+00,2.016576849718033360e-01,-6.268123678596394521e-01,3.819597327617595406e-01,4.146824954294232035e-01,-7.527104553469340376e-01,2.089912965162966874e+00,8.697862827996388768e-01,1.305705975885654402e+00,-6.821046834776770540e-01,-1.406258758616587778e+00,1.457466685266631146e+00,5.560893654592660162e-01,3.834382494206463599e-01,6.728491035590895564e-01,-3.750516546349511038e-01,1.374870295836589373e-01,5.709361385612607975e-01,-8.561015431413311338e-01,1.073663330373800934e-02,9.667534531486874361e-01,5.451297353114707978e-01,2.843204594065101287e-01,2.130473728030412295e-01,2.188719966408615436e-01,-3.915265159006326434e-01,-9.654755376492069052e-01,-3.297350100375964210e-01,5.118750077912900126e-02,-9.193279193685981454e-01,-6.575110903614346247e-01,1.596573585438629816e+00,-8.854689343518267197e-01,2.087530209721649044e+00,2.995963017884213375e+00,1.116432277242015658e+00,1.477550303869735515e+00,6.440258319847742552e-01,-2.862847028944427996e-01,-1.800073330127142110e-03,-1.892068914434638371e-01,7.498754727390868347e-01,-2.115510421132282826e-01,1.080381202346245129e+00,-4.981834426532676385e-01,-2.915805028160796675e-01,2.803920581724288486e-01,4.725623129972764125e-02,-1.358403863267222678e-01,-2.235776343974225644e-01,1.348553864085243470e+00,-1.110008886896878405e-01,-1.237868487148611640e+00,1.754487998803120119e+00,-9.521893069005232801e-01,5.796657745846335308e-01,-7.785410024058534439e-01,1.687820367622329565e+00,3.165003570183555492e-01,1.014981855906474051e+00,-2.643505182954292376e+00,6.390935776735165996e-01,2.023088373320292899e+00,-1.524638155473474199e-01,6.047763396982016593e-01,-1.921404710945340266e-01,-1.087732571285276784e+00,1.072900763681325226e-01,1.383833390670691221e+00,1.249455017631575071e+00,7.925971918223286838e-01,8.357113249773403529e-01,8.700142981263065955e-01,1.205604200927202080e-01,-7.912724397211194916e-01,1.193467144394623647e+00,-2.982177563267310316e-01,3.290750181676529440e-01,-2.050330158172555817e-01,-2.336388545134723826e-02,-1.699771229980157894e-01,-3.868923640524117857e-01,-3.305427696959925554e-01,-5.326373149099011828e-01,6.618055916250231707e-02,4.487903844132358766e-01,-4.539518056187937245e-01,1.263184994143102813e+00,3.972236600848133015e-01,-2.560295959917936459e-01,2.098954435976303934e+00,3.369278728850464422e-01,3.300076949329633358e-02,1.767184027456941475e+00,5.313705711135023879e-01,-7.860900724796149319e-01,5.122234921194068757e-01,6.771380734585137340e-01,-3.736961052829825825e-01,-5.330909104881641492e-01,7.123196447672769382e-01,1.298417366735344469e+00,9.914453133310223432e-02,1.442097114946233778e-04,2.290636881777151912e-01,-4.692117916374780595e-01,-1.151324721328309542e+00,1.509339534059536969e-01,-4.997301561728821895e-01,-5.381687076462133845e-01,1.876120394976192041e-01,-4.806424234231844173e-01,6.417727928300989149e-01,-2.298285243337259143e+00,-7.156705443576028003e-01,1.037653788099928143e+00,6.132655181237130909e-02,1.387707014187531840e+00,-3.085720724334442902e-02,-7.800296334529469577e-01,8.173782948242642732e-01,1.561905152550435272e+00,4.852680015030574889e-01,-5.409870812315479283e-01,9.854747676659195710e-01,6.288739041807930308e-01,1.665587347112966465e-01,-5.172341004019083144e-01,1.140189174767702873e+00,3.383496213705870503e-01,-1.130851793820489615e+00,-8.478773162147018594e-02,-3.437972121197037656e-01,-3.402712953765886783e-01,7.299122495415778789e-02,-1.196713471680694196e+00,-3.084140975263223172e-01,-7.809844057591246447e-01,1.748295945399887946e-02,7.575983643093774367e-01,-9.017977426995233969e-01,1.916411629476162393e+00,1.002381533312924677e+00,1.057964639563525155e+00,-1.487707769286554349e+00,3.362037365904240627e+00,1.563444552538511223e+00,3.196309476063174948e+00
5.550077123040566551e-01,7.107909862148557023e-01,-8.374711317613319217e-01,1.702365440532219720e-01,5.986305535377652864e-01,-7.895051110471735800e-01,8.439775595244625173e-01,3.237706672715109923e-01,7.313511684234523802e-01,1.367838708795432678e+00,-1.201293413134051358e-01,-1.058941744211766345e+00,-4.686814224014426711e-01,5.777065716497336023e-01,7.922305979556388822e-01,6.356193587839542580e-01,3.112810332996708562e-02,5.425951625531357791e-01,2.371812394647454969e+00,6.580079273491393765e-01,-1.293674542242771119e+00,1.122427036630174957e+00,-4.175618729750207869e-01,5.431066336377196047e-01,-2.222025031729185085e-01,-3.393331063743808551e-01,1.403260084652656170e+00,-6.693255411540526001e-02,-1.150417296823415203e+00,8.826922976023174328e-02,5.748904753011309099e-01,-7.827648787207324155e-01,4.951294566635101591e-01,6.121245675752767790e-01,1.024868385234695367e+00,1.334578948986983926e+00,2.193453073871043657e-01,-5.235877354959537211e-01,1.662286166718469627e+00,8.170967490990753701e-01,1.954891542459676890e+00,4.623046300007244702e-01,1.227858581786627878e+00,-8.565230271448782962e-02,2.429542174861832327e-01,-6.846825992366478708e-01,4.403414665743895506e-01,-1.650216415224801114e+00,7.073267479156114534e-01,1.392709317029534377e+00,1.992240530906023155e-01,-6.234924175536312729e-01,3.991191511003861492e-01,4.426944041204460834e-01,-6.971980637863759434e-01,2.104971664789984764e+00,8.411894595718912848e-01,1.309968510982106427e+00,-7.199190588156680892e-01,-1.446352569725509740e+00,1.454077147516667612e+00,5.680557261342340514e-01,4.073463589067327084e-01,6.796197031465599503e-01,-3.923793648397992384e-01,1.614107485712943657e-01,5.653580262250744726e-01,-8.733553718207307526e-01,-2.705639221142499412e-02,9.889835692828905511e-01,5.695813046881892383e-01,2.536328354546769637e-01,1.913386939589520053e-01,2.064512289574591264e-01,-3.876108608673380918e-01,-1.014519041058075333e+00,-3.476086130378019945e-01,5.258523274395714153e-02,-8.636084700953358118e-01,-6.576383817006402621e-01,1.605287923219063773e+00,-8.395375268638011201e-01,2.061882688734607338e+00,3.017695978029374615e+00,1.115957169528886350e+00,1.470098977094143278e+00,6.399930629519763325e-01,-2.923583503796822747e-01,-4.775760804137253041e-02,-2.111311509369686867e-01,7.375209188685722950e-01,-2.042113691846037526e-01,1.104631045689031810e+00,-4.612435350141356749e-01,-2.323856327938250144e-01,2.880660857696116239e-01,2.434278326993376956e-02,-1.445965468273553434e-01,-2.201488949711522258e-01,1.370570672153315961e+00,-1.126761409461709967e-01,-1.249672900976262602e+00,1.759498451008798536e+00,-9.556726126797007170e-01,5.702332101732990877e-01,-7.890244788817454280e-01,1.690305096916354666e+00,3.667501919413947986e-01,1.008447542393360541e+00,-2.658967074877105485e+00,5.905616748678202965e-01,2.025244632591949756e+00,-1.041638886321398783e-01,6.025760120580893053e-01,-1.900810602795741100e-01,-1.085283380978409706e+00,1.175152131835634217e-01,1.377454826843605540e+00,1.245102296382721851e+00,8.126461112229490524e-01,8.283992572905168883e-01,8.046339066735386236e-01,1.088882589063496081e-01,-7.934140868110920453e-01,1.194779738810812564e+00,-3.363413462947148491e-01,3.271326612431992298e-01,-1.694818829210983369e-01,-5.893678147301703585e-02,-2.002192579789111582e-01,-3.566534459867801155e-01,-3.192734890806575021e-01,-5.366400798729260568e-01,5.005491018969506628e-02,4.478279850166598797e-01,-4.689237444396190391e-01,1.247614622431868714e+00,4.019886943914985356e-01,-2.145441420937367061e-01,2.143191822329039820e+00,3.075572721819522237e-01,4.158151905985251612e-02,1.718429698986482235e+00,5.302242391438123370e-01,-7.994224615645056931e-01,5.592307202686139789e-01,6.436148906639961309e-01,-3.402604475064767708e-01,-5.056472951855486286e-01,7.116920888232534104e-01,1.289429096151471166e+00,8.066647570642269949e-02,3.815345964953279628e-02,2.175883024547342059e-01,-4.657541863727083231e-01,-1.234691592433764695e+00,1.223140640716534194e-01,-5.016208274765843189e-01,-5.317863720916272685e-01,2.134919257873634235e-01,-4.858043701007260795e-01,6.471090683953243383e-01,-2.280749925830740210e+00,-7.059132985884419842e-01,1.037806693127750313e+00,1.178415726173043798e-01,1.383144333922371683e+00,-5.094772969707180715e-02,-7.468313360642894194e-01,8.971330717161706270e-01,1.563782667751039579e+00,4.796534405316273952e-01,-5.213052620909834900e-01,9.648951031569032999e-01,5.173760917355770816e-01,1.647970568272109082e-01,-5.188705921012423117e-01,1.149968972509591847e+00,3.516131695452791028e-01,-1.203510978140842846e+00,-8.294618414562632269e-02,-3.950976470648367989e-01,-3.362939998925362217e-01,7.619685256582131583e-02,-1.210478741619727794e+00,-3.129895758067038347e-01,-7.620916860471110832e-01,6.575859496552445560e-02,7.694532698710014884e-01,-9.051049668721542485e-01,1.883906267646290988e+00,9.932896861306342862e-01,1.081235531707664510e+00,-1.431641921271769036e+00,3.379448675999128682e+00,1.538955278339429134e+00,3.237251122021923777e+00
5.485406625286043392e-01,6.642633942657600876e-01,-8.224913868427232710e-01,1.847792575667182857e-01,5.896285195291944836e-01,-8.238382923638130073e-01,8.323843725055520837e-01,3.653539703832596741e-01,7.344842128520433500e-01,1.362196969898600063e+00,-1.151257334363244011e-01,-9.789996411091879125e-01,-4.316329183946720494e-01,5.537744612304261738e-01,8.048690679982075658e-01,6.358587006754853332e-01,3.989850759262715540e-02,6.062177504961432373e-01,2.395530423933780018e+00,6.565115735463596947e-01,-1.280922864703667452e+00,1.144930055862745322e+00,-4.110440155349890934e-01,5.438900535618643728e-01,-1.953259465144321361e-01,-2.834330778930013728e-01,1.406247691438552216e+00,-1.125263897339316421e-01,-1.120904217886765197e+00,1.053540817997699469e-01,5.339560239351328619e-01,-8.001072906480102276e-01,5.127064748427673235e-01,6.080079917243325083e-01,1.023233282833880153e+00,1.319173899714470855e+00,2.142251205800711211e-01,-5.269841465077850229e-01,1.706241968920499064e+00,8.023285380839230152e-01,1.951769805718425621e+00,4.714425803467721110e-01,1.173717372102690559e+00,-7.941001256479822412e-02,2.661916197541596696e-01,-6.563368940706030275e-01,4.903823569377938063e-01,-1.562082735996421112e+00,7.262998881161725206e-01,1.392471644134800624e+00,1.994783366050711937e-01,-6.276396408151814210e-01,4.040576277476950473e-01,4.384072240095939210e-01,-6.839007734473895317e-01,2.075923625166681497e+00,8.180006145624586500e-01,1.298180518476200529e+00,-7.177165594118215530e-01,-1.411861538259230109e+00,1.463999091139367437e+00,5.536373780486733009e-01,4.026851610363434975e-01,6.813962597432865476e-01,-4.531483980410739854e-01,1.441132793174452198e-01,5.986532615710530303e-01,-8.776375235591247215e-01,3.696227070779072553e-03,9.540620888807269662e-01,5.399575371605664920e-01,2.562202080431463802e-01,2.096048987551964171e-01,2.035789176380490839e-01,-4.146225298488386279e-01,-1.016054324847260215e+00,-3.213911761089118246e-01,5.683215183571370399e-02,-8.803006419831572726e-01,-6.313296943158618335e-01,1.625251326549913555e+00,-8.717569584907524094e-01,2.047330882386910744e+00,3.024652196256179870e+00,1.107467564484008404e+00,1.473051740929321785e+00,6.151594041076600128e-01,-2.901611962581145954e-01,1.647686635815736808e-02,-1.958232555004803255e-01,7.350462657653660248e-01,-1.898538148144757187e-01,1.092559066699860582e+00,-4.231828691182792923e-01,-3.094655243188106919e-01,2.819617635488404495e-01,2.740245432248437918e-02,1.135180625012861322e+00,-2.092463682892230781e-01,1.378139648412477491e+00,-1.131289720121420317e-01,-1.255085900162223878e+00,1.758582372452804687e+00,-9.526109260296721226e-01,5.832514218313851195e-01,-7.824625728281346948e-01,1.687651984734569233e+00,3.571338034648797177e-01,1.011290031851426630e+00,-2.632079018827525818e+00,6.417444761670247910e-01,2.007543649215172810e+00,-1.597139093771886009e-01,6.091834063375299868e-01,-1.726570604937597286e-01,-1.088522154445861423e+00,1.228210316797026386e-01,1.327240031172017165e+00,1.253215101797583220e+00,7.900079018863481739e-01,7.604361036467022217e-01,8.750258187345342220e-01,9.339327416688852912e-02,-7.499486606685600298e-01,1.199118994347705192e+00,-3.153637168330696849e-01,3.273309810178357537e-01,-2.377689300547167484e-01,-3.668124536095148519e-02,-1.714257981289672161e-01,-3.001917807157889473e-01,-3.244400874151687209e-01,-5.358914700126743424e-01,3.964376202233897695e-02,3.838602040584559449e-01,-4.467378414387814800e-01,1.256606096958972740e+00,3.325913166040422864e-01,-1.969009174433743459e-01,2.122404310339530920e+00,3.365568296189026531e-01,-3.302483723942743754e-02,1.768156190149029028e+00,5.765370208156306298e-01,-7.909804932852344539e-01,5.917707258554121275e-01,6.297532872344413502e-01,-3.364437106471179217e-01,-4.873766990409202360e-01,7.593344579923680948e-01,1.297027028059184905e+00,6.760441078694738593e-02,5.219765969692358870e-02,2.176537319254193692e-01,-4.625628122021628319e-01,-1.243089500885886212e+00,1.000484962462604294e-01,-5.037116036252060614e-01,-4.991064957381478040e-01,2.617662053640546493e-01,-4.850122451490721520e-01,6.326583226607809252e-01,-2.275660804898585354e+00,-7.194401669946499656e-01,1.032945855905395671e+00,6.905169686992158884e-02,1.378263163159616500e+00,-4.943151975022234274e-02,-8.147454777531130121e-01,8.820271800526175987e-01,1.568992288640586930e+00,4.827439515120102720e-01,-5.295130493149730055e-01,9.470620143597003882e-01,5.511446495461235218e-01,1.679173331253849266e-01,-4.283119429541945578e-01,1.148954918708050110e+00,3.288004769725683119e-01,-1.200099724418888458e+00,-7.820490677140223834e-02,-3.988245811390593309e-01,-2.934037867904693564e-01,5.836286574805212707e-02,-1.235122532173751342e+00,-3.101062528762125181e-01,-7.842800602416618583e-01,3.446967066524963402e-02,7.467571058884013846e-01,-9.080930455011719804e-01,1.934242843622164809e+00,1.008216656171306624e+00,1.055566595908714156e+00,-1.422233455594000606e+00,3.360722581426176081e+00,1.567391161843135983e+00,3.256714573222446951e+00
5.524997348191722502e-01,6.566122403742390423e-01,-8.441163483526235023e-01,1.794239683621707548e-01,-7.569602766406673400e-01,-7.738902316794639136e-01,8.538135717122639079e-01,4.406083465116967246e-01,7.804439470131029344e-01,1.381119956929330428e+00,-1.275059104396625009e-01,-1.008709823912642856e+00,-4.335741948078298824e-01,5.676165825193075776e-01,7.948815777223647849e-01,6.524410020908882890e-01,4.657975969218542539e-02,5.317701421839770015e-01,2.398485435538201038e+00,6.223994841591385940e-01,-1.259013269148639980e+00,1.137211904254282979e+00,-3.843548798027990321e-01,5.382751537324889091e-01,-2.127500468245625553e-01,-2.776199248886015436e-01,1.453748231559651716e+00,-1.347200141618703356e-02,-1.125278520613699929e+00,7.091412858025321342e-02,5.596320036062206738e-01,-7.610661598717933796e-01,4.751725598413651386e-01,6.347858041731631040e-01,9.757210221269235761e-01,1.293178494728060679e+00,2.180451397021755111e-01,-5.636455209171692404e-01,1.705925765143346817e+00,8.260790192282733146e-01,1.917269756715297202e+00,4.520826931545207650e-01,1.212155404125278890e+00,-4.258139691963246098e-02,2.533602436703999983e-01,-6.792096651985981559e-01,4.919255140470377152e-01,-1.568522590808152373e+00,7.387032068267149754e-01,1.412209149779190209e+00,2.023834213061586340e-01,-5.905247682239838092e-01,3.573650100497433590e-01,4.463297680868531514e-01,-7.528932092852119728e-01,2.095769662314099335e+00,8.692382523237509595e-01,1.301804902564562827e+00,-6.664240949728857943e-01,-1.411991820674215248e+00,1.455590086370842862e+00,5.657700489678113565e-01,3.848241453158930958e-01,6.801654229981060062e-01,-3.824470416493834790e-01,1.609348815152350232e-01,5.729965596591940491e-01,-8.627278060469478760e-01,-8.728466804273886034e-03,9.608326891677866355e-01,5.487455941031078588e-01,2.636591341681621126e-01,2.139625020359896268e-01,2.327903844747791218e-01,-4.301830938647056013e-01,-1.001700368334410562e+00,-3.214938967158685323e-01,1.075872306660946437e-01,-9.210019839335337188e-01,-6.442171934987831472e-01,1.581927088979160567e+00,-8.783155735622187876e-01,2.078948091355733219e+00,2.994465228591455475e+00,1.107211979477353170e+00,1.453515847423434426e+00,6.450114696719022600e-01,-3.039812322581901260e-01,-1.222942308091064245e-03,-2.448858112822739075e-01,7.585634128551977939e-01,-2.294912324240446222e-01,1.082131985624658066e+00,-4.423242325471712366e-01,-2.883709268604144893e-01,2.117536583019291874e-01,2.319106292602712491e-02,-1.370441297989068163e-01,-1.892533100091721987e-01,1.361662141494094147e+00,-1.078367633718582408e-01,-1.119388620723676286e+00,1.758237837633485956e+00,-9.154631329268905215e-01,5.914706264413166492e-01,-7.806063295592450269e-01,1.619079907558711007e+00,3.164589617076887240e-01,1.016277484836040745e+00,-2.663454219190918071e+00,6.226511250538001585e-01,2.014578118131999052e+00,-9.879478093844765163e-02,5.988303756416728518e-01,-1.808418030176913160e-01,-1.089325796899430321e+00,9.792433497345297277e-02,1.380946190028094378e+00,1.253789811078815486e+00,7.940666420450891438e-01,7.861268041104937376e-01,8.728760863115408997e-01,1.047719077482135025e-01,-8.688544102305010286e-01,1.209276670291387301e+00,-3.012099002668363612e-01,3.425603366340245204e-01,-1.979983121132068702e-01,-1.385695310108958113e-02,-1.687329746174243694e-01,-3.741202182999081027e-01,-3.344079597988907637e-01,-5.481648244785652935e-01,7.257419972318146506e-02,4.410409286042109578e-01,-4.495564733697950954e-01,1.251629970720481655e+00,3.427882237644157004e-01,-2.482285541466807688e-01,2.097136471994851981e+00,3.009440403469107461e-01,-6.360874641896741358e-03,1.744152570921525092e+00,5.362107077087792106e-01,-7.906991937359805211e-01,5.240267853153431910e-01,6.709030259654885642e-01,-3.623054715048296126e-01,-5.317035057209168469e-01,6.767738473279216738e-01,1.269327443316458082e+00,9.232054049434518239e-02,8.136174253128185263e-02,2.088329439958574174e-01,-4.305037712366858171e-01,-1.154715594351697350e+00,1.548554956318598796e-01,-4.947506112862188887e-01,-4.997176975272804023e-01,2.041922299814243613e-01,-4.112820693372349345e-01,5.947751452039122810e-01,-2.253257169966087048e+00,-7.204066519339813457e-01,1.017948957705403501e+00,1.411044667297763899e-01,-4.634967046882552677e-01,-3.067742711122252441e-02,-7.721123922798817096e-01,8.442769566249916924e-01,1.565867639584049842e+00,4.982321737917373983e-01,-5.529234583592268493e-01,9.559686955462843860e-01,6.155260372400217506e-01,1.616133506430687261e-01,-5.183998009002561691e-01,1.140009500951582933e+00,3.303801681477571139e-01,-1.177135067840074933e+00,-8.941366281539375738e-02,-3.402650878196596951e-01,-3.033498293145243108e-01,7.766004788898997480e-02,-1.203447031987675553e+00,-2.799246455039992587e-01,-7.736891806927032045e-01,2.252541491299696330e-02,7.512010962435916595e-01,-9.104779471054054163e-01,1.943847395527694033e+00,9.592022412953474797e-01,1.043304571967941685e+00,-1.467423680890614035e+00,3.337730468462363209e+00,1.520544978358170818e+00,3.435491255740594330e+00
5.382821387243693634e-01,6.755071262722313064e-01,-8.084355774349075707e-01,2.010444365185434235e-01,-7.647214561026390856e-01,-7.715559797173423551e-01,8.543853414531379364e-01,3.042663760983376209e-01,7.794542202215882787e-01,1.381747017717588566e+00,-1.324189921987263541e-01,-9.713593052149702700e-01,-4.237488396438059968e-01,5.739422343031910234e-01,8.671280523575581878e-01,6.901437193657352642e-01,3.913006358459662076e-02,6.061475487062923939e-01,2.327556270108477765e+00,6.198782391594944707e-01,-1.244878860077087479e+00,1.136799342875637775e+00,-4.181419370363869681e-01,5.292179601695928826e-01,-2.121032226906946760e-01,-3.943919075791583739e-01,1.378974377943232854e+00,-5.035214780852425437e-02,-1.102569954086765280e+00,6.441043755099196133e-02,5.627113329725513813e-01,-7.772769445656019238e-01,5.052360244557007052e-01,6.606497055582042366e-01,9.716818988949552649e-01,1.313746467457699518e+00,2.091839578909655550e-01,-5.141752388787270700e-01,1.716154801972948230e+00,8.044643366079274882e-01,1.970780140469338138e+00,4.687744878729178666e-01,1.211806585948572046e+00,-4.095492726931881239e-02,2.319872195893174505e-01,-7.472651123883850000e-01,4.769655267816210742e-01,-1.688360467299702572e+00,7.149347407436809076e-01,1.400569880974097403e+00,1.959521599534214120e-01,-6.278224868814507031e-01,3.836712245751064954e-01,4.511217509591637920e-01,-6.732635350495895787e-01,2.099833964988996104e+00,8.508746535574521763e-01,1.305875923436716546e+00,-7.105826527623571032e-01,-1.408340736908242130e+00,1.458471510783479586e+00,5.740305803068872503e-01,3.923509815424330860e-01,6.901076342344442116e-01,-3.941662283334921857e-01,1.602370528770906410e-01,5.712114639856752385e-01,-8.563225579932588483e-01,1.432270414250761542e-04,9.829638744798560035e-01,5.506368395582360575e-01,2.633343984062621046e-01,2.094348650042719417e-01,1.872572804253790357e-01,-4.150053721832513420e-01,-9.618765050715399889e-01,-3.401146941709232152e-01,1.082755403459649962e-01,-8.464751763264062312e-01,-6.602449409205343178e-01,1.618239251907242604e+00,-8.751538498653904652e-01,2.059077760804286505e+00,2.994443568415714019e+00,1.106319276307045962e+00,1.473688432208141386e+00,5.864546047297222175e-01,-2.758086348209801697e-01,7.986412464412727050e-03,-1.738449839209566250e-01,7.345945049838891183e-01,-2.394302671209640743e-01,1.096714310220957111e+00,-4.691955529917448131e-01,-3.268835362320610116e-01,2.004927644419645105e-01,3.178347045209958810e-02,1.181947143282792601e+00,-1.560979517513187143e-01,1.341746697214978079e+00,-7.602283015173233460e-02,-1.126981747142564272e+00,1.787655780673705896e+00,-9.040483719863942058e-01,5.540176963916600972e-01,-7.880852999650407309e-01,1.631923577730419739e+00,3.412852871053519976e-01,1.003338664118979651e+00,-2.597293071740555348e+00,6.333772605047524040e-01,2.025151547467987978e+00,-1.477086231358130941e-01,6.242327507885429005e-01,-1.563675185994698180e-01,-1.074973814971636576e+00,1.074378494254727839e-01,1.373384446435805595e+00,1.252820189188205591e+00,7.822062714069346612e-01,8.424917225066851367e-01,8.676600834198623380e-01,1.168185262318570672e-01,-8.770071318992355147e-01,1.187011780419577667e+00,-3.099111685817824147e-01,3.499932797213621827e-01,-2.057040938860209833e-01,1.157121070765492268e-02,-1.897372248640263048e-01,-3.401591083555259853e-01,-3.547735997630090399e-01,-6.403070082135196017e-01,8.021378334621784290e-02,3.585927527089439737e-01,-4.463389097199482736e-01,1.259366084962619370e+00,3.517921568237959429e-01,-2.102081765041000916e-01,2.134820721219728767e+00,3.058759852980296734e-01,3.406911591684022578e-02,1.723901918706085112e+00,5.432469086498522559e-01,-8.152876188460524975e-01,4.905073632543748841e-01,6.782661935441536283e-01,-3.305716436584685836e-01,-5.502742803748068567e-01,7.151093054433104168e-01,1.281930030219349703e+00,7.765374599062342675e-02,4.147221111394464033e-02,1.994189237485747557e-01,-4.737553877520699341e-01,-1.172306332907464110e+00,9.723151907338789535e-02,-4.962061919522460784e-01,-5.355322041998757943e-01,1.485867385408616292e-01,-4.493499549960888184e-01,6.003443881414797234e-01,-2.285147124062964608e+00,-7.347212332133757906e-01,1.027564469254356183e+00,1.444043224872373077e-01,-4.428625948625264930e-01,1.473828507854249917e-02,-7.494188625235532752e-01,8.824597756033715212e-01,1.562798907225728451e+00,5.145831710522139613e-01,-5.209329430703857344e-01,9.465577625039657272e-01,5.514674790582851927e-01,1.584473159143773568e-01,-5.273230326718318928e-01,1.155996170031155623e+00,3.244647286351288185e-01,-1.200734342155914014e+00,-9.316323539700137324e-02,-3.806763640422257677e-01,-3.174710718732897674e-01,7.436801188958680475e-02,-1.237550675260346233e+00,-3.146162455229051802e-01,-7.874107354733108632e-01,5.398572784968724836e-02,7.058450247468072147e-01,-9.060972587606792583e-01,1.904434891658509210e+00,9.381776741687722909e-01,1.058518423850332013e+00,-1.441585206417784537e+00,3.312484664819220992e+00,1.532248198114835258e+00,3.436915736814329936e+00
5.576781010521616455e-01,6.800364859743062151e-01,-8.425801507423833492e-01,1.657008815011170033e-01,-6.939413222211017196e-01,-8.034974132624376209e-01,8.676962582042796468e-01,3.441448981876067403e-01,7.802517033661573453e-01,1.351921516669557066e+00,-8.912158951801128770e-02,-1.058220148429249052e+00,-4.376697770703268375e-01,5.682012394096277452e-01,8.084894605488239794e-01,6.267241792172121295e-01,5.167858587832698664e-02,5.441479958809603001e-01,2.397362564963490872e+00,6.355765608188942428e-01,-1.257932141957723848e+00,1.126407520443255761e+00,-3.865409564962162259e-01,5.324194420214817258e-01,-2.028226261377521211e-01,-3.313994134760527288e-01,1.401008744165997078e+00,-1.182690934232820141e-03,-1.128480140499907414e+00,1.005938194753809578e-01,5.715146876026214739e-01,-8.012161654718997772e-01,4.829565028046222119e-01,6.278184106502916473e-01,1.024521267727729334e+00,1.320798942316533608e+00,2.202888580492469717e-01,-5.220897388244675197e-01,1.691821677965836601e+00,8.059594699534212703e-01,1.977278229387539943e+00,4.875832898108552471e-01,1.169261589310969240e+00,-4.179003962812918166e-02,2.590737489062442389e-01,-6.796123032099655736e-01,4.631597469058282845e-01,-1.647423669236157240e+00,7.314654738153564262e-01,1.395741484803475707e+00,2.069927465424276913e-01,-6.062119910590521021e-01,2.852971837789788911e-01,4.159807817661564378e-01,-6.849333084551721962e-01,2.123942550995559397e+00,7.968120086919202594e-01,1.307160630161817272e+00,-7.086254234521066619e-01,-1.512309923254101962e+00,1.336618761734461813e+00,5.831815544844518584e-01,3.692588766193143912e-01,6.820800781772927701e-01,-3.837918059560369022e-01,2.000290019688319709e-01,5.965344057014398960e-01,-8.229389350534979108e-01,-2.721934068063737791e-02,9.699095390269769634e-01,5.513831465847973679e-01,2.626860183758513156e-01,2.200210633509069313e-01,1.820124993201363839e-01,-3.958560297545014039e-01,-8.993161601615172751e-01,-3.686554398337503757e-01,1.026692751620887634e-01,-8.331981337244572794e-01,-6.403647076326969279e-01,1.612120024508358229e+00,-8.401973342504140962e-01,2.650232439887882929e+00,2.986316245089658761e+00,1.117952668325072008e+00,1.371120330061756931e+00,6.499384190037162945e-01,-2.574380755162837819e-01,-3.433571927406063248e-03,-1.978939621026148399e-01,6.720188136680383950e-01,-2.168582763168492022e-01,1.134392663408392732e+00,-4.640369132222812443e-01,-2.977368686089520433e-01,2.775713615041012772e-01,2.854359388956563895e-02,1.117362029262995771e+00,-2.137104524366195690e-01,1.384476472421499071e+00,-8.353274334225865849e-02,-1.122129899447729118e+00,1.765089962827988357e+00,-9.553177542243678211e-01,5.640048704301813265e-01,-8.111157224977950664e-01,1.634563818486977294e+00,3.653238010976174177e-01,9.934267748856890901e-01,-2.565346589409931433e+00,6.427114863554491686e-01,1.995969088614761855e+00,-9.473607751724788528e-02,6.006202024041600307e-01,-1.935014263999727258e-01,-1.132662486438498428e+00,5.296884198330489846e-02,1.366660903019578877e+00,1.240806708250983048e+00,7.364806610650976859e-01,7.693203261436103446e-01,8.452113810598532728e-01,6.974393355957282659e-02,-8.181360637268446645e-01,1.196013139418047544e+00,-3.099335658965273743e-01,3.559677268394090821e-01,-1.592823366092928628e-01,-5.779255160489633891e-02,-1.920386916647974229e-01,-3.008579332748961277e-01,-3.216583076192403023e-01,-5.400238458317391244e-01,4.501722984083542101e-02,4.263607467050281596e-01,-4.444005028690797277e-01,1.253322409056648379e+00,3.504462111053032181e-01,-2.660660189235992679e-01,2.132822790176995387e+00,3.033178621654021856e-01,-1.577984217811639542e-02,1.696600980468918829e+00,6.327592982285743517e-01,-8.050701265522914873e-01,5.103935174960901877e-01,6.190604151106595676e-01,-3.282765790701916986e-01,-5.384285005568774096e-01,7.796877044772644316e-01,1.253749464443475903e+00,9.886845482618841774e-02,3.590755750238344701e-02,2.321614911299363093e-01,-4.637569737941469872e-01,-1.226202598836475310e+00,1.309883056684325309e-01,-5.147273711746623848e-01,-4.945352885330599468e-01,1.963543391390216442e-01,-4.503286272024026871e-01,6.180550105644271319e-01,-2.260469952293767903e+00,-6.841552002700282964e-01,1.049858246480702251e+00,1.055189252503549030e-01,1.354182598395700543e+00,-2.571558852586598026e-02,-7.546130539493949296e-01,9.011873874964235753e-01,1.589617601079510889e+00,5.120262268930531047e-01,-5.321369060446845545e-01,9.000909415611216824e-01,5.331100804507317159e-01,1.832843582572419305e-01,-4.716677230286332456e-01,1.142956196502224797e+00,3.567861554904164789e-01,-1.148970634321997419e+00,-7.968774913300066820e-02,-3.753655051494857453e-01,-2.730339071898574277e-01,3.363691568258859316e-02,-1.143207517333599599e+00,-2.650054944156605141e-01,-7.727908657641071599e-01,6.676448834738232807e-02,7.683871837225112467e-01,-9.262628714636176319e-01,1.927177155124935926e+00,9.941022775475499840e-01,1.053155507253506817e+00,-1.428252003156091243e+00,3.377245673358682421e+00,1.528062551796179669e+00,3.488812553492596003e+00
5.563552999868935922e-01,6.733461513669402043e-01,-8.167842361026875775e-01,1.625128860348919180e-01,-6.879988756409527451e-01,-7.979497561065447275e-01,8.486598328590415630e-01,4.498825910656236160e-01,6.736004385928612281e-01,1.357590159472732871e+00,-1.133372575276681976e-01,-1.026248318515420754e+00,-4.281404651553844531e-01,5.597999777579508729e-01,8.534956755989007160e-01,6.581145481174086598e-01,4.732194145116796341e-02,5.304668629928870338e-01,2.396726251310377087e+00,6.314573456812205832e-01,-1.230941596123978909e+00,1.155599659789428912e+00,-3.923601692230436755e-01,5.101220425412600346e-01,-2.096336666512355063e-01,-3.357078777523822555e-01,1.402562940366540056e+00,4.787357669772878549e-03,-1.116022474397430519e+00,1.031825412258295660e-01,5.555883287682916727e-01,-7.777182109412330568e-01,4.899190918541728168e-01,6.188091378919668983e-01,1.012665618840026482e+00,1.305964952852090244e+00,2.339104333538732094e-01,-5.149781210317269098e-01,1.691438160043163386e+00,8.045017283221348459e-01,1.945461277792568167e+00,4.637389347061531830e-01,1.215248606265006304e+00,-3.658413770169476054e-02,2.417264386435061252e-01,-7.698180720915718256e-01,4.546614582515246528e-01,-1.650828721443757141e+00,7.093904867553814109e-01,1.432527027053994928e+00,2.153372283782297447e-01,-6.356883697847915959e-01,3.766192570264677575e-01,4.568393203251939760e-01,-6.950048201453637997e-01,2.106895980992000705e+00,8.825736375350208274e-01,1.311280912367596585e+00,-7.009145105880957294e-01,-1.454747851828269933e+00,1.451516432491060327e+00,5.681306583687395495e-01,3.635558029582653394e-01,6.625463302474423610e-01,-3.752459467899428858e-01,2.011186060208429160e-01,5.704373145064786099e-01,-8.315532724193476222e-01,-1.433822626460000069e-02,9.835381646953107460e-01,5.428116260466359089e-01,2.609605774608968476e-01,1.985617586538263868e-01,1.877725600782008397e-01,-4.115313968359822216e-01,-1.009145687305182948e+00,-3.674411511284699228e-01,4.574740821896862430e-02,-8.371123667670703483e-01,-6.492446237725556513e-01,1.595195054169839199e+00,-8.534416208828333739e-01,2.075112451919437273e+00,2.998026708274749819e+00,1.104469570871730477e+00,1.452698566567951488e+00,5.917844206489136782e-01,-2.974127401128495718e-01,-6.721943256103885683e-03,-1.893326453833037715e-01,7.119735989832960410e-01,-1.968902969378252266e-01,1.090728088441425658e+00,-4.692095675947651201e-01,-2.674272297230257944e-01,2.865622841202035143e-01,2.538968274411137691e-02,1.155585096078314944e+00,-2.452161924718053443e-01,1.372076311238568547e+00,-1.124262632146532381e-01,-1.114540358548405496e+00,1.762426835174597528e+00,-9.338501902164155766e-01,5.586148010448199752e-01,-7.708039838457200199e-01,1.643861476757976225e+00,3.324863511976557939e-01,9.795725731528017732e-01,-2.654423939659058096e+00,6.408760234853289051e-01,1.997893838628434171e+00,-9.544574069550279538e-02,6.183188190402181261e-01,-1.357346141474764512e-01,-1.121592514020533837e+00,9.916112146084113399e-02,1.365549331673682865e+00,1.248766864891809547e+00,7.441086180112437276e-01,8.440934188657712722e-01,8.366249579453561847e-01,8.726094960089014752e-02,-7.607417836407504019e-01,1.174099361905166727e+00,-2.996166116279977976e-01,3.453206469423982794e-01,-1.681621418924581224e-01,-6.058510492800114888e-02,-1.812830192368521942e-01,-3.367878731914176194e-01,-3.177442227762755089e-01,-5.528484333018950370e-01,-1.754233781231744754e-02,4.361851944825367311e-01,-4.499822095806222944e-01,1.251438163457547992e+00,3.482961066033007369e-01,-1.891710098279635877e-01,2.129932603647738176e+00,3.078776477100156894e-01,-2.577652209769060870e-02,1.691228234580890666e+00,5.240527633208394986e-01,-7.961352777974290973e-01,5.965318510368997629e-01,6.267428615595564967e-01,-3.442362579779346676e-01,-4.538894791780320737e-01,6.637539673765538994e-01,1.269345467821159090e+00,9.143895096595738847e-02,3.537571606149343684e-02,2.227322396659711101e-01,-4.613984508487548042e-01,-1.210655760906671707e+00,1.470441927068466825e-01,-4.353482826157423213e-01,-5.289428624583080163e-01,1.550214031470784348e-01,-4.962318677006430923e-01,6.206351173369629715e-01,-2.216317040081182466e+00,-7.499081431417526922e-01,1.013893153829508620e+00,1.246725149689388440e-01,1.348013222360999963e+00,-2.239490521921593327e-02,-7.578726196155161077e-01,8.300506399027961502e-01,1.560583822511981245e+00,4.787896442896160676e-01,-5.416705418251570592e-01,9.343645420571492499e-01,5.876625837389153340e-01,1.747919214500526786e-01,-4.864856765978564090e-01,1.145881684185512395e+00,3.339574889337854624e-01,-1.187297892314682413e+00,-1.013672507639726134e-01,-3.516959988509946733e-01,-2.755488406272858515e-01,3.733516391094012649e-02,-1.244411419851531253e+00,-2.839631785350495430e-01,-7.721970600636672843e-01,2.272836190033586043e-02,6.968109715303503204e-01,-9.389041762270670111e-01,1.938500043466604428e+00,9.965010548933553869e-01,1.056117508421039020e+00,-1.439228875292972276e+00,3.338620510210684955e+00,1.516993055751365560e+00,3.524273726427228137e+00
5.527564917243199538e-01,6.869138589067861345e-01,-8.415782273971557093e-01,2.326060057589171004e-01,-6.960401284759216711e-01,-7.964025141911720285e-01,8.619812121139142080e-01,3.194612280663852721e-01,7.446623793368803979e-01,1.399243603757232668e+00,-1.031145530763322715e-01,-1.015542055831741397e+00,-4.331583799120716227e-01,5.679866445431506206e-01,7.854582978420456829e-01,6.456558546240198648e-01,4.675671394588722107e-02,5.307872410809594266e-01,2.411908877087525216e+00,6.275086521312073229e-01,-1.261630619718441704e+00,1.129390198587693961e+00,-3.888733240632543664e-01,5.245543014565335893e-01,-1.888622339905579595e-01,-3.370778653899620947e-01,1.410988393109160688e+00,-5.197721332075455440e-03,-1.136884976200758679e+00,1.249797896980875261e-01,5.557168359461915896e-01,-7.701788332055631292e-01,4.718914467395835532e-01,6.380788363745711900e-01,1.011064836798537314e+00,1.310712983862359682e+00,2.397777335543450627e-01,-5.454340940594269993e-01,1.705769142863083454e+00,7.999953876541137099e-01,1.961074762537597937e+00,4.822205983870218593e-01,1.166159142103505797e+00,-6.832496111589101209e-03,2.750887847989211821e-01,-6.698761624994581387e-01,4.537406527512101717e-01,-1.649885757849392620e+00,7.216525670859111896e-01,1.400063038574468344e+00,1.829863962082623752e-01,-5.975495111520531255e-01,3.448045178129221511e-01,4.024453498361176274e-01,-7.555311458229843069e-01,2.078673507463377312e+00,8.090506416948728408e-01,1.308925889384209507e+00,-7.087529427398296944e-01,-1.509083770624610299e+00,1.443465583132923946e+00,5.500210080344687391e-01,4.288442835938731656e-01,6.728620531769013979e-01,-3.890315737244557925e-01,1.508946682260743355e-01,5.884716972422504577e-01,-8.618605814241963037e-01,1.738761368490999298e-02,9.562517370880048162e-01,5.498865890249254873e-01,2.617071760825745996e-01,2.169121714367800990e-01,1.893505927329643679e-01,-4.159640931859101554e-01,-8.986179849264988029e-01,-3.143113715632863681e-01,1.102117301545388756e-01,-8.967406296977246116e-01,-6.495475601700179125e-01,1.597150969102876683e+00,-8.584233015284914448e-01,2.076746689782862809e+00,2.999520303685245803e+00,1.130254102387457715e+00,1.398403404580474296e+00,6.458417871686822354e-01,-2.838889271311583196e-01,-3.245851902269680095e-02,-1.965346884304587372e-01,6.789542147935269112e-01,-1.971697132293389332e-01,1.132905856196498418e+00,-4.504731187069305753e-01,-2.970209388098613568e-01,2.846804814886650936e-01,8.542285225192413484e-03,1.145848411362486274e+00,-1.735372313690926871e-01,1.386168715618206981e+00,-1.237819996101848369e-01,-1.123601741261955667e+00,1.765501791765498707e+00,-9.275765095804416882e-01,5.572419325696940096e-01,-7.959079626692430187e-01,1.630478470501283805e+00,2.858357099116450861e-01,1.013657108690903863e+00,-2.560140550951956140e+00,6.218834439936605785e-01,2.045731449778024125e+00,-6.711763688470862022e-02,6.235526419219240557e-01,-1.509507387161187486e-01,-1.101056983183946292e+00,1.137248999458301962e-01,1.363078394705649066e+00,1.257625255412270437e+00,7.316240718147239974e-01,7.587919309442027194e-01,8.621723361640180050e-01,1.051893551743722371e-01,-8.185657811027575725e-01,1.178315367093343502e+00,-3.078034690283014685e-01,3.127777599799678176e-01,-2.076789010989651130e-01,-1.832010229420032513e-02,-2.179754835077680197e-01,-3.209975265083318541e-01,-3.300084378199517054e-01,-5.419716554741824677e-01,7.230447439704075496e-02,3.842000555618251267e-01,-4.376280296380941071e-01,1.216137585195909088e+00,3.551366711018433819e-01,-1.942200085173156621e-01,2.111033919779990775e+00,3.056848759053568121e-01,3.718381414347666364e-02,1.722791339726569282e+00,6.328044999340322052e-01,-8.339473866396581725e-01,4.844303951660044461e-01,6.584900672434980118e-01,-3.531255551096559309e-01,-5.366302658869195330e-01,6.747412676795382369e-01,1.257343609012798957e+00,1.130838909778117407e-01,6.372303121911698787e-02,2.155141354091459072e-01,-4.604159593819833751e-01,-1.215197220934251199e+00,1.675628216616485422e-01,-5.081826187986003829e-01,-5.016660262435547191e-01,1.911870784973635773e-01,-4.567372163371231641e-01,6.007065475329474991e-01,-2.264650662306480378e+00,-6.906079222589720512e-01,1.018784011531599809e+00,1.140450759673714148e-01,-4.598331242611357061e-01,-2.615624599525945802e-03,-7.950981882891948738e-01,8.762263230535424219e-01,1.576003319604990072e+00,5.133017277468584494e-01,-5.217077027303230752e-01,9.512928200228671916e-01,5.703659231310322930e-01,1.852898107902151426e-01,-4.631163695882607456e-01,1.151094732344588367e+00,3.448241746321221712e-01,-1.154972690809192182e+00,-7.430370579326653346e-02,-3.482898488167577300e-01,-2.655143302354386892e-01,1.318789829906252820e-01,-1.155888173540785102e+00,-2.653802830023752612e-01,-7.846150179853461637e-01,6.939852548296000789e-02,7.423591881610885901e-01,-9.199219852007156639e-01,1.926903232464637572e+00,9.946326323505852995e-01,1.046609902340462916e+00,-1.431515327479892186e+00,3.365229255006432219e+00,1.530982834259165148e+00,3.567298243841495520e+00
5.457471008063126128e-01,6.975651874146456821e-01,-8.261087740817794067e-01,1.674493066381927964e-01,5.598145787808356255e-01,-7.960145562070484182e-01,8.444907549587463702e-01,3.220053595513559519e-01,7.341178457747611352e-01,1.383754150726112631e+00,-1.310770955463157750e-01,-1.043386584928915006e+00,-4.390196276574309109e-01,5.732894337115759242e-01,7.996916915279227434e-01,6.444311157619625474e-01,6.335966034445256190e-02,5.476338208287544473e-01,2.359722968573896296e+00,6.382293867464579051e-01,-1.276717053724681250e+00,1.124286086748289559e+00,-4.179939290725620538e-01,5.361743817616942964e-01,-1.998683928077250038e-01,-4.025553339924805019e-01,1.402753056961301814e+00,-1.253966598643767860e-01,-1.117695304111915977e+00,9.046490587646731363e-02,5.695665896462105415e-01,-7.827999292836531620e-01,5.098232934678392780e-01,6.217615825709692512e-01,1.034765401815332941e+00,1.300666139519788933e+00,2.069098330526603635e-01,-5.247004177617801135e-01,1.673781946917289876e+00,8.001988994616237028e-01,1.967687481259930982e+00,4.509539150867082902e-01,1.188154053698239565e+00,-2.510822868187225637e-02,3.037154740569605882e-01,-6.943526191193797326e-01,4.309219202644749003e-01,-1.656462947227626659e+00,6.230630341078565726e-01,1.421329530400762264e+00,2.192064012311426557e-01,-5.603637613378034121e-01,3.098385713145026532e-01,4.156577980050737420e-01,-6.793249680033220939e-01,2.115913145511829629e+00,8.594759150392924374e-01,1.315268157232440283e+00,-7.211382950769881228e-01,-1.417868633783184729e+00,1.317044107085808102e+00,5.517894646151890736e-01,3.776013422827441679e-01,6.369926796296133675e-01,-3.837857029219626237e-01,1.344851207317551145e-01,4.582504866493753437e-01,-8.372347910862982800e-01,4.879449210231605327e-02,9.994428081756266957e-01,5.326138138026900171e-01,2.666383613253507923e-01,1.978848736507831663e-01,1.880058228343925997e-01,-4.114615917877744722e-01,-9.091815134287976052e-01,-3.292089672270548939e-01,5.278974800452462812e-02,-8.566946866592533016e-01,-6.446617087141370828e-01,1.591001521302885635e+00,-8.446460821342658409e-01,2.700173314488415688e+00,2.990888647130421241e+00,1.077164613657454639e+00,1.434013323115945981e+00,5.871811534005398903e-01,-2.819393498688298472e-01,-4.193728337842753638e-03,-2.066408556566144694e-01,7.305205426458467599e-01,-3.238420194370141281e-01,1.090750988303117452e+00,-4.702226402324186094e-01,-3.197423499227692867e-01,2.924773520388438963e-01,6.669492812104889368e-02,1.180225190864391482e+00,-2.139668596867703720e-01,1.362605611428691521e+00,-1.124860390010004874e-01,-1.120584423377198435e+00,1.747673568990099291e+00,-9.402492513864995072e-01,5.343657893902779010e-01,-8.034436516269104489e-01,1.632705690897936490e+00,3.557949037889560073e-01,9.725995049676005033e-01,-2.601706138589959583e+00,6.051495669662374510e-01,2.045616733010105825e+00,-1.512652610307010648e-01,5.823046723764943033e-01,-1.321327167739838326e-01,-1.087163894384280072e+00,5.034524390233873631e-02,1.327554704122808182e+00,1.262178962716904440e+00,7.757653222320403108e-01,8.559627142357493224e-01,8.985642877609153478e-01,1.095247963454182016e-01,-8.195603596094445109e-01,1.172970589277299247e+00,-3.037659792389528768e-01,3.753450478020454173e-01,-2.003401154139321794e-01,-1.253799037729962269e-02,-1.886742654594947000e-01,-3.443130926074681741e-01,-3.502466638309063018e-01,-6.323085817898846939e-01,6.169897768710951719e-02,4.406923337077569558e-01,-4.644383782837687713e-01,1.249726972377388723e+00,3.504380124152244869e-01,-1.859545103467359628e-01,2.132565538350984724e+00,3.076349306854244126e-01,-2.244563297951056649e-02,1.721971838882226935e+00,5.810989855440402696e-01,-8.388060228732646673e-01,4.952580626679558007e-01,6.817716122699700732e-01,-4.472878432666911319e-01,-5.110157023929999820e-01,6.948143701516108495e-01,1.279795865241185160e+00,9.515703653745069546e-02,4.061718852798535534e-02,2.090213871392893885e-01,-4.267798129550359754e-01,-1.165844002176410710e+00,1.432513521491718400e-01,-4.418409906739901860e-01,-5.073478453073150263e-01,2.155604442855399427e-01,-4.443422872441779026e-01,6.117726285565389110e-01,-2.215987833298957543e+00,-7.381865999268014678e-01,1.025117691303266243e+00,1.156685297715810967e-01,-4.598440667198556708e-01,-2.641333522183929999e-02,-7.672849258790708227e-01,8.866784686501713031e-01,1.584807143849265687e+00,5.197236451731223061e-01,-5.384282345393114344e-01,9.459414940175905340e-01,6.511446701170118256e-01,1.715328918734787544e-01,-4.789629745380790116e-01,1.116054647173422953e+00,3.136285813123522725e-01,-1.108682712586691821e+00,-7.713603963444844169e-02,-3.404031244120800381e-01,-3.209797096334930933e-01,9.937237004312281241e-02,-1.152220511513478041e+00,-2.929459720645268272e-01,-7.705600151605359605e-01,6.205384241035688531e-02,7.448759996304398223e-01,-9.350098531783485045e-01,1.923125519820126916e+00,1.004825998941201837e+00,1.072685038099340016e+00,-1.405393288023011777e+00,3.366470890651009906e+00,1.557159701403697971e+00,3.577380041448126047e+00
5.422173684749268530e-01,6.600682671726209039e-01,-8.436664285704054134e-01,2.010437655394186340e-01,-7.714533603133671980e-01,-7.706787631262582705e-01,8.599243428656990762e-01,3.288884761151255054e-01,7.848073138787191594e-01,1.380099683372443042e+00,-1.243648120819280806e-01,-1.031502220722731122e+00,-4.046520122266456521e-01,5.445535148100303369e-01,7.955862078580729913e-01,6.334978714677323985e-01,4.263633114839350535e-02,5.970796987988064020e-01,2.420969753355703968e+00,6.256603740202871800e-01,-1.244044497792241133e+00,1.146768158806544591e+00,-4.044973579653143303e-01,5.296612194202169333e-01,-2.156276777518278120e-01,-2.760775434635753256e-01,1.422543492029415990e+00,-5.104888168156793138e-02,-1.103008251677237705e+00,7.762549486498215856e-02,5.884937316113709738e-01,-7.724020943119968008e-01,5.016711643906827112e-01,5.906454532860782036e-01,9.793798851986987852e-01,1.291777364261160965e+00,2.392960181146584209e-01,-5.756239931361267770e-01,1.648113165705141547e+00,7.779221946639629515e-01,1.972496474334932248e+00,4.719794287174133851e-01,1.206269348379901629e+00,-6.391000278173657179e-02,2.495404830488099079e-01,-6.923614606404299154e-01,4.476466546864584783e-01,-1.544112702122619973e+00,7.056545690903521795e-01,1.411753158894252014e+00,2.238998339525566650e-01,-6.324913611611158171e-01,3.783942813285308682e-01,4.388597502332521327e-01,-7.652128701673133193e-01,2.084271473766311722e+00,8.369470744069928969e-01,1.318030512951831490e+00,-6.703712495272377003e-01,-1.437706838342136084e+00,1.460656572515537155e+00,5.459138728749323155e-01,3.949818817878188448e-01,6.747419458854679863e-01,-3.977880988840588050e-01,1.496772136195916314e-01,4.573081564792204068e-01,-8.507774544776389725e-01,-3.616328252476542354e-02,9.605984092259167717e-01,5.036959226020134572e-01,2.389313719919035350e-01,2.036736882928698311e-01,1.967681493818176641e-01,-4.150022066375415042e-01,-9.623320482880699522e-01,-2.858408135725556964e-01,1.193614954548439383e-01,-8.430196547347860170e-01,-6.124012528377901221e-01,1.620901003810352181e+00,-8.989957148057512448e-01,2.661106350252292696e+00,3.001962274655948448e+00,1.130568476099782727e+00,1.437919271262425136e+00,5.966337256552692869e-01,-3.043511854690054141e-01,-6.194440720801041092e-03,-2.171915802900916403e-01,7.189117360450508754e-01,-2.359888478813109147e-01,1.107442925458849592e+00,-4.304063554023810356e-01,-3.124906828825049221e-01,2.970780413609667714e-01,3.151608784019884618e-02,1.183795393343084701e+00,-2.148961099400046593e-01,1.359250219609917876e+00,-9.911429600124335715e-02,-1.136013623143811824e+00,1.758371978510822942e+00,-9.171182770844300558e-01,5.709046305585826486e-01,-7.825584105662775070e-01,1.603983120446105248e+00,3.037097097136433055e-01,9.859550412823242516e-01,-2.593091139797719435e+00,6.038127142753481058e-01,2.036920773801615514e+00,-1.129454855990844331e-01,5.787626037962587677e-01,-1.551461996192284865e-01,-1.080394951654942481e+00,1.505337286011426134e-01,1.354310393772421239e+00,1.266445176191435040e+00,7.839191114597321430e-01,7.970768698760986037e-01,8.766282773388228700e-01,1.174935185158898082e-01,-8.681444844627178581e-01,1.180573876409664491e+00,-3.191758747146988817e-01,3.618474296279226565e-01,-1.441989239832148495e-01,4.351417637604768247e-03,-2.051193458548987991e-01,-3.295860080152805960e-01,-3.492189729169336565e-01,-6.437576363711565719e-01,2.743097394299919001e-02,3.652905857645687981e-01,-4.529951783889653028e-01,1.256062342232981521e+00,3.108018969594874004e-01,-2.108531758243676613e-01,2.092144651518405229e+00,3.202717110622697039e-01,2.759485845878721991e-02,1.738352119784847938e+00,5.649783975635753741e-01,-8.546605118276580093e-01,5.025611135073829727e-01,6.806069754478351053e-01,-4.446682623717415628e-01,-5.426986701406497637e-01,6.857657162325360156e-01,1.320536299844397687e+00,8.508313219424243345e-02,8.269043227967153020e-02,2.128418561798636199e-01,-4.618917044303441077e-01,-1.225201016150024191e+00,1.126060789716152033e-01,-4.935766245474045855e-01,-4.998841575226936063e-01,2.518709600030685225e-01,-4.616145858610788966e-01,6.307749097743787781e-01,-2.281997072918872327e+00,-6.915557810946818540e-01,9.954023015409173558e-01,1.060987216089949448e-01,-4.340616561380254423e-01,-6.136557716492839487e-02,-7.642783914704586179e-01,8.536938782811074322e-01,1.555856278680964433e+00,5.036656720473431381e-01,-5.378790192231628353e-01,9.515219875203971833e-01,6.229080464798402161e-01,1.585649134859476173e-01,-5.349210920404184888e-01,1.159772362995378669e+00,3.263579155394532028e-01,-1.177898291152659427e+00,-9.773116509295648457e-02,-3.647968238169923549e-01,-3.269156974861950893e-01,9.443518365472905463e-02,-1.226310461008076391e+00,-2.962546247744680672e-01,-7.805468179937857798e-01,2.155630646088843236e-02,6.939713446987589851e-01,-9.525373666595634559e-01,1.936263653194076451e+00,9.617729837521969971e-01,1.061131127626974369e+00,-1.407301879769802033e+00,3.316842386789263131e+00,1.540712402676563952e+00,3.593049079547640190e+00
6.071312206684807977e-01,6.705207315984701433e-01,-8.440646451754690860e-01,1.553718653796985760e-01,-7.272434022480845917e-01,-7.972318251750802887e-01,8.449916786342480668e-01,3.272447079138005033e-01,6.794691452939780607e-01,1.352686108419602462e+00,-1.032897107209196502e-01,-1.054420665308792637e+00,-4.354226737860490415e-01,5.657545075933252399e-01,7.938844648547084271e-01,6.520814352200953179e-01,6.183737161823656125e-02,5.890836686163626323e-01,2.352872565764593915e+00,6.334466431651876173e-01,-1.264115622331923205e+00,1.118232670448277455e+00,-3.804770339818075442e-01,5.560794911559155951e-01,-2.085293462847169488e-01,-3.399301616887928645e-01,1.400649113396681855e+00,-6.272347282807924640e-02,-1.123916699250876450e+00,9.306682340964402000e-02,5.648839785825107151e-01,-7.814812298130024981e-01,5.361592297745081392e-01,6.301451992724181883e-01,9.602609312160030886e-01,1.321110133261433006e+00,2.204332312688780104e-01,-5.465173434288378429e-01,1.667221816700193981e+00,8.149374592430064235e-01,1.972019016885976361e+00,4.843884331914582453e-01,1.221082612393422639e+00,-2.603110758329537505e-02,2.224567228978517330e-01,-7.492833646130464542e-01,4.347635294559750174e-01,-1.611466933422267767e+00,7.229912557583151322e-01,1.384742762897372970e+00,2.240015596584222224e-01,-6.242162754660486312e-01,3.690246583025020288e-01,4.382703496507462937e-01,-7.543168563750249911e-01,2.096800837368644199e+00,8.392544397159524827e-01,1.316199019447329199e+00,-7.189827907909883686e-01,-1.449780056506619452e+00,1.440929022580736518e+00,5.762700151865653986e-01,4.335647716576833677e-01,6.667509034832810322e-01,-3.943665175611130169e-01,1.712407643343762109e-01,5.697916232041707607e-01,-8.273042858436141511e-01,2.039392585998927448e-02,9.889861669264929933e-01,5.176845808192733767e-01,2.386686129923118183e-01,1.908354727055052436e-01,1.878194293221386590e-01,-3.966368465089070150e-01,-1.010957790103125697e+00,-3.426323227537055871e-01,5.981723037805364296e-02,-8.496079265742205733e-01,-6.563478716463827523e-01,1.616321369061185953e+00,-8.325452901444988507e-01,2.065357408833186970e+00,2.975861997706862105e+00,1.170049502066339731e+00,1.469382632341209582e+00,5.984954702158979956e-01,-2.967812612346860113e-01,5.948033023202340362e-03,-1.925169579623103588e-01,7.363656393157504976e-01,-2.391680984573976432e-01,1.104200481104746112e+00,-4.796944821369831247e-01,-2.878503122063266750e-01,2.978707798337627000e-01,3.945019052239247259e-02,1.187089055809977811e+00,-2.249827362600681224e-01,1.376854652728195960e+00,-1.088687063542626843e-01,-1.251067583539751560e+00,1.725132620880724943e+00,-9.188777829641693318e-01,5.617018909150843786e-01,-8.034724336265287592e-01,1.642440732375908485e+00,3.713560443231261332e-01,1.008025083952526213e+00,-2.660082271596809544e+00,5.857395335856712126e-01,2.033688397369593392e+00,-1.502114199692845264e-01,5.916222418153314067e-01,-1.350315420385146403e-01,-1.110758298533514710e+00,1.175128690712252677e-01,1.356377675574258035e+00,1.236886282114812552e+00,7.544446722167343911e-01,8.410399111172762732e-01,8.136836063129239127e-01,1.086138918190804742e-01,-7.982539963057253551e-01,1.182597090922120620e+00,-3.374004591087707006e-01,3.262030967380458168e-01,-1.756801649152279765e-01,-4.034620547654298173e-02,-1.866749187442175995e-01,-3.390098778189424844e-01,-3.192242532855878445e-01,-5.603524684964111824e-01,4.406342197190529775e-02,3.717809917462858160e-01,-4.379570651400767067e-01,1.248208594457445031e+00,3.855743047951207814e-01,-2.016401728669127980e-01,2.126074184465476691e+00,3.174230813039680132e-01,4.926822993582206933e-02,1.687825344989894116e+00,5.322576237190034254e-01,-7.904968971070673867e-01,5.629885027131731334e-01,6.695647873805818939e-01,-4.428782166617206695e-01,-5.088876186568520588e-01,6.688193833503053298e-01,1.320920622796437849e+00,8.578559884316189210e-02,8.782825316014046535e-02,2.060199510107770249e-01,-4.689018735384341552e-01,-1.242416377070438172e+00,1.120699758292345027e-01,-5.248401620983458304e-01,-5.172788699579532468e-01,1.605320850216464534e-01,-4.749638334633919379e-01,6.449634367428227488e-01,-2.256607497313110500e+00,-7.155328936672530338e-01,1.034117905425676831e+00,1.511477777346537099e-01,-4.826865506473257406e-01,-5.163611590662033415e-03,-7.633585826950968212e-01,8.961603559208991543e-01,1.568516322611016589e+00,5.117529962662428211e-01,-5.275366019315687049e-01,9.666208681761151444e-01,5.063378291665914244e-01,1.830705989170087200e-01,-5.202200444408724422e-01,1.167464858864496025e+00,3.326644682369197525e-01,-1.111882351052602358e+00,-9.507336375888518487e-02,-3.375483329352017003e-01,-3.336297340079006357e-01,7.500751124426008332e-02,-1.155574660450384039e+00,-3.064121435851083763e-01,-7.487457433675887009e-01,1.021173322559903139e-02,7.655219781573537885e-01,-9.079330119486742623e-01,1.886324335051676737e+00,9.647096462364027625e-01,1.068642074246647145e+00,-1.441623212519002273e+00,3.372187518606987844e+00,1.552343517131147488e+00,3.594641703576555436e+00
5.295890586904599129e-01,6.668874444621465392e-01,-8.393531857114833183e-01,1.895137124238450987e-01,-7.686065341008544438e-01,-8.123754677582024630e-01,8.450325301324739247e-01,3.389565568978398225e-01,7.188678340888099427e-01,1.372139711229382053e+00,-1.213870325492607954e-01,-1.024593188203647198e+00,-4.259020443402621869e-01,5.713110054017221939e-01,8.757685432011610427e-01,6.457894858055834852e-01,4.811138950507111434e-02,6.022120739243632670e-01,2.323271476719667827e+00,6.266789393978839939e-01,-1.262845948673786634e+00,1.148260847457061251e+00,-4.165787566858628610e-01,5.291102131324549873e-01,-2.112024134190901015e-01,-2.876393095072720674e-01,1.371409953514949542e+00,-9.262073831522449341e-02,-1.086491323735027992e+00,6.895285820188878922e-02,5.682925843066551908e-01,-7.634599813940043944e-01,4.788278641327697871e-01,5.989088512320245306e-01,9.617706771433033319e-01,1.317962628927460411e+00,2.286890417345340820e-01,-5.458652898127779318e-01,1.715118628268097245e+00,7.923381720152573582e-01,1.947332129076546403e+00,4.676287492835003445e-01,1.243124106677956808e+00,-6.098795525800354556e-02,2.484510477534737916e-01,-6.719208022976799199e-01,4.860526933511470360e-01,-1.554125763136907201e+00,7.034678751181031586e-01,1.399971591351220956e+00,2.084970069785405944e-01,-6.178639490102350029e-01,3.951867407128425436e-01,4.451699661389165175e-01,-7.727335976532520023e-01,2.092798631520223829e+00,8.427390460363078928e-01,1.308324916166136553e+00,-7.123808464224831161e-01,-1.406085127656184985e+00,1.446392098209568822e+00,5.699973818556525185e-01,3.682945548075055031e-01,6.903408759575546672e-01,-3.868845873552196890e-01,1.618887656518290530e-01,5.675482171402448373e-01,-8.619314689543562391e-01,4.697053812683661331e-03,9.832507691005653028e-01,5.321240636537274415e-01,2.358506104716498464e-01,1.690426634395918448e-01,1.871975107441636588e-01,-4.194197532402735296e-01,-9.618895495996993006e-01,-3.403490006588702488e-01,3.980111310926214008e-02,-8.559199713475862392e-01,-6.609922975736184370e-01,1.606030000396279744e+00,-8.325634231789963424e-01,2.097647155949873721e+00,2.993192276097393911e+00,1.109896412636405927e+00,1.446411596213312167e+00,6.079257979178805948e-01,-2.843767529684103623e-01,-1.636563977078166893e-02,-2.205888620373706588e-01,7.382642584458393165e-01,-3.376505288041206643e-01,1.093033826677000997e+00,-4.522224205716536272e-01,-2.376142310041478856e-01,2.170759048164152549e-01,2.027836800694104297e-02,-1.418625540403906371e-01,-2.111252312498855255e-01,1.342593482761853751e+00,-8.833870318357930906e-02,-1.105597749045164724e+00,1.754656330190879077e+00,-9.151973378895534861e-01,5.934137105433531234e-01,-7.898966479888542835e-01,1.606985872362566958e+00,3.120132330508819662e-01,9.684570157620504549e-01,-2.536622917497071139e+00,6.274981799592465048e-01,2.037667939560873887e+00,-1.463432495091857577e-01,6.213122287053647330e-01,-1.648457244656890142e-01,-1.092099167762476508e+00,6.245072929784473148e-02,1.375176694170667124e+00,1.281359154351239704e+00,7.748946120034304608e-01,8.314773369505463751e-01,8.882415026882012343e-01,1.307898608374122584e-01,-7.648607780600887862e-01,1.202563975072715730e+00,-3.475733583633781043e-01,3.257315683326055256e-01,-2.075958095854409935e-01,-3.405342534124979059e-02,-1.803304926196930003e-01,-3.478523713319152111e-01,-3.487831352097867654e-01,-6.235730848882761190e-01,6.939954417506666307e-02,4.371111089230115265e-01,-4.504372279495057474e-01,1.273119453412485003e+00,3.584409444860560678e-01,-1.999481128129784457e-01,2.118300268301252398e+00,3.146322247001634986e-01,-2.749992238882712978e-02,1.711897753772072539e+00,5.769756907679974844e-01,-8.166898778344751086e-01,5.892737230595450626e-01,6.475462408371528422e-01,-3.374010027905778308e-01,-4.661306458845183021e-01,7.041674483981712473e-01,1.275620987331221867e+00,8.798088198890054168e-02,4.330917873235719251e-02,2.191435613172756647e-01,-4.667804286483198672e-01,-1.176283892879348869e+00,1.481692966752914120e-01,-4.943657966246260971e-01,-5.245617538541134106e-01,1.571979618202271889e-01,-4.815583319463789258e-01,6.303646504033095788e-01,-2.214598291283184750e+00,-7.349471528271896981e-01,1.039984511133446921e+00,7.503328944168435877e-02,1.384635816471667447e+00,-5.424517264414424611e-02,-7.964294257656435727e-01,8.151006645185233657e-01,1.572315318839213827e+00,4.628974675837478903e-01,-5.218665762284231402e-01,9.715202839555019398e-01,5.558496702613450191e-01,1.840944534104644870e-01,-5.250759086730475422e-01,1.145826658201198001e+00,3.525525796760082820e-01,-1.195595808129451765e+00,-1.002762019078048544e-01,-3.804269938965957332e-01,-3.224981782358303239e-01,7.605138013879442216e-02,-1.243141375727877751e+00,-2.814649805600846211e-01,-7.910132800775121487e-01,5.944253302000452460e-02,6.998974776740652937e-01,-9.042777247134750063e-01,1.934139543485920543e+00,9.918455745638283805e-01,1.064444012805918494e+00,-1.440092390909031517e+00,3.376742558609445499e+00,1.529491945982214940e+00,3.596258612537825083e+00
5.743580209269621983e-01,6.755737478943109053e-01,-8.489178088529110155e-01,1.997021525180692481e-01,-7.513794146001098184e-01,-8.319703613685858201e-01,8.495969143650456967e-01,3.202681208921089873e-01,7.723858780458028317e-01,1.319032347582300924e+00,-1.247828370980228890e-01,-9.938247132849724608e-01,-4.622748214757761986e-01,5.852486959551154166e-01,8.119501269529550980e-01,6.460755108325908491e-01,4.933702908107218121e-02,6.083812008166380458e-01,2.354537646910699333e+00,6.278932477718607297e-01,-1.263042905762874701e+00,1.133543571667283922e+00,-3.943207907998569350e-01,5.477842149638680880e-01,-2.113539886537794399e-01,-3.049706097349034750e-01,1.391583267923010681e+00,7.815376351414233397e-03,-1.136015530694747699e+00,9.194575481204883549e-02,5.335275025250625358e-01,-7.657928528020907510e-01,5.195823545055899828e-01,6.195270658170924927e-01,1.029600692863187783e+00,1.315964448297877398e+00,2.360195915537382783e-01,-5.225878909476724399e-01,1.683024713647260251e+00,8.091538690923637533e-01,1.932209513306120119e+00,4.571727861255939218e-01,1.207670917402516197e+00,-3.427634426672199197e-02,2.415295494471828563e-01,-6.583377641252866619e-01,4.745552193129487506e-01,-1.668786773091371245e+00,7.099388195344501495e-01,1.447624767584141825e+00,2.968725443428088528e-01,-6.217036670537031684e-01,3.700350183211789656e-01,4.472667552977152572e-01,-6.769368621193201374e-01,2.084542473780970351e+00,8.287352224883307583e-01,1.310317140770457023e+00,-7.060576875398115737e-01,-1.467812064895690716e+00,1.441214770279646507e+00,5.670296254934099611e-01,4.439402316470305587e-01,6.917241984300834812e-01,-3.674772921173332096e-01,1.507604236833232636e-01,4.425854630746355878e-01,-8.270708053446041985e-01,-1.373492881812930777e-02,9.534642860144101340e-01,5.455825036406743989e-01,2.800887356835454201e-01,2.021646149880355070e-01,1.860595591563914963e-01,-4.197940645311469265e-01,-9.478466239881884192e-01,-3.210360302556213297e-01,6.877588282574667589e-02,-8.781483251165803638e-01,-6.491864456168630060e-01,1.592421439677209394e+00,-8.825061958421435149e-01,2.061272882158619701e+00,2.983070969352317636e+00,1.107400074117741884e+00,1.417891054458528588e+00,6.007440168229116750e-01,-3.038471049688457049e-01,1.567615059718481182e-02,-2.034540078155731568e-01,7.097099721061134181e-01,-2.606817868386916426e-01,1.079488404641922195e+00,-4.704435904877399266e-01,-2.422419483766025949e-01,2.233012580935015978e-01,2.561850875992661286e-02,1.177915849650916114e+00,-2.040380392553510225e-01,1.356987251200544975e+00,-8.774062825839355761e-02,-1.231321234842393197e+00,1.705497228300240087e+00,-9.006871546285895036e-01,5.498680111889429067e-01,-8.551404478857074221e-01,1.644080734072649541e+00,3.310291781374226083e-01,1.009179634632974221e+00,-2.622462878752194193e+00,6.312675883759880646e-01,2.045645499360685182e+00,-1.551953007033218535e-01,6.103496980327550725e-01,-1.383697874788520354e-01,-1.081650717189452271e+00,1.151494790235348675e-01,1.380409303875525184e+00,1.245981136301405279e+00,7.332654568615813995e-01,8.545165837328757563e-01,8.002877926551361654e-01,1.135477575548012596e-01,-7.753934926863669252e-01,1.171716634566914328e+00,-3.100401384777190517e-01,3.346747004882075771e-01,-2.317403015434968683e-01,-2.210569966889794694e-02,-1.950934558964438625e-01,-3.312644779184495958e-01,-3.213271082205198526e-01,-6.312513630601264136e-01,-2.243405835506962626e-02,3.598746671332401781e-01,-4.192585911383848174e-01,1.211322271883436441e+00,3.544668973513962484e-01,-2.099088199972248270e-01,2.123829975645826984e+00,3.463513428159520346e-01,-2.546774738205269742e-02,1.768940229328041402e+00,5.905106021024866259e-01,-8.089477077540976335e-01,5.195011618851925750e-01,6.180494858899429067e-01,-3.341339152443909000e-01,-5.441762621896174545e-01,7.718181585049546101e-01,1.318898952821480508e+00,8.847169414652980568e-02,7.040311889729394812e-02,2.286675457851614635e-01,-4.574357243544744378e-01,-1.233179120939641438e+00,9.272083358332806891e-02,-4.655134133120122364e-01,-5.266512298163608108e-01,2.434365388514949657e-01,-4.588082260388705591e-01,6.284157775488977693e-01,-2.306804351361102068e+00,-7.041344931351062320e-01,1.038633020880978863e+00,1.527767885739110820e-01,1.376746582100764282e+00,-1.846200569644078360e-02,-7.598198844599328705e-01,8.551168593527880279e-01,1.560824346184918276e+00,5.351092524492870872e-01,-5.353495977788360616e-01,9.523089698138854642e-01,5.893651568109841143e-01,1.893263873721384161e-01,-4.921376611820844627e-01,1.169799660095972138e+00,3.119313075514210665e-01,-1.167786241299231254e+00,-1.103032543805309157e-01,-3.829096890244841900e-01,-2.979337150513348687e-01,6.626219067258956597e-02,-1.232651846851225974e+00,-3.162312261639875777e-01,-7.834421546151228988e-01,1.673058073307849211e-02,7.295005889215770978e-01,-9.241354972749867835e-01,1.934652635065311266e+00,9.967413793714667847e-01,1.070424284437552886e+00,-1.438946877589917461e+00,3.360057925598126882e+00,1.519059603747639375e+00,3.613261557924089207e+00
5.560265748271068231e-01,6.638772600190847584e-01,-8.406845982602719758e-01,2.199379159187642152e-01,5.687620340872198144e-01,-7.993867352586070396e-01,8.376016572389527459e-01,3.648975467362102765e-01,7.507841432154723771e-01,1.347330196016697013e+00,-1.049460122899015940e-01,-1.012609220646162322e+00,-4.204559363715157372e-01,5.508985899587675039e-01,7.874017902006138492e-01,6.437201480800593956e-01,5.452261690984335635e-02,5.020210992029380259e-01,2.365172963399909012e+00,6.419159693549798540e-01,-1.270305868474255639e+00,1.131297265802963858e+00,-4.072389901904072684e-01,5.367577950352312444e-01,-2.214139846073921725e-01,-2.795796205646734478e-01,1.391342940145557483e+00,-2.519472840838926642e-02,-1.100019241678012794e+00,1.079604822674589681e-01,5.740111794196025574e-01,-7.818225841321129188e-01,4.843540256157766177e-01,6.178778800560112971e-01,1.000278782387784560e+00,1.364534373254349786e+00,2.577932973280720463e-01,-5.051404157399514983e-01,1.699851777461484303e+00,8.265900986907246395e-01,1.971100142952766365e+00,4.385650445078232984e-01,1.218213715770471550e+00,-1.489689426729265062e-02,2.949062375963119598e-01,-6.580973372101074359e-01,4.428171202780250004e-01,-1.658609450787499329e+00,6.360722153668044720e-01,1.395956452501214251e+00,2.483683979532166908e-01,-6.279211861283320317e-01,3.695878692455323300e-01,4.648745109603837911e-01,-6.997133056077404767e-01,2.093413149512107996e+00,8.095359388689398195e-01,1.308705187184507235e+00,-7.106852353501137420e-01,-1.497003745594265078e+00,1.439742832806692130e+00,5.657882314303221971e-01,4.005636169846120698e-01,6.658180343475214036e-01,-4.436767452379270504e-01,1.890405676116756473e-01,5.745655599615179243e-01,-8.550093166465918548e-01,3.703742670334483119e-03,9.957424404901232817e-01,5.452851264184209734e-01,2.636687271609692296e-01,1.941845229454796096e-01,2.059579768753097007e-01,-4.161009387274374749e-01,-1.018625313138257438e+00,-3.040465970397622231e-01,6.771509365570539674e-02,-8.583163479170029531e-01,-6.509267067620823077e-01,1.639283125511593386e+00,-8.703512282022238811e-01,2.097428668780285221e+00,3.016423879312668532e+00,1.192545367810458057e+00,1.379274607739128911e+00,5.682516608254292168e-01,-2.590741895988583621e-01,-6.093487462288018491e-04,-2.025393470599720913e-01,7.094371844728811771e-01,-1.991684955591982442e-01,1.061671302327432009e+00,-4.950692719640071293e-01,-2.261983785843156014e-01,3.020410793279872386e-01,2.928328044400318672e-02,-1.599778602424902774e-01,-2.048785696983685123e-01,1.359622764499941905e+00,-1.043594585766295241e-01,-1.247371275750907227e+00,1.761176731655719196e+00,-8.802319022394949899e-01,5.742892785161524127e-01,-7.914003786851712130e-01,1.635237560898811449e+00,3.515071104245399147e-01,1.009975495913846721e+00,-2.646385594564393706e+00,6.123805723080326668e-01,2.044972836313613485e+00,-8.831763733790046200e-02,5.533080095975619894e-01,-1.932533382725165061e-01,-1.102273365984229203e+00,9.503601759801470761e-02,1.327725723737272379e+00,1.259743042745639974e+00,7.853907683943829321e-01,8.319927096806980504e-01,8.322165680870431403e-01,9.135278251551708084e-02,-9.002956125257562947e-01,1.209612932551892950e+00,-2.985748652232909639e-01,3.767900880869978764e-01,-2.101438143126005409e-01,-2.417259484825200200e-02,-1.944458007598140192e-01,-3.306747355156532397e-01,-3.167026353550533302e-01,-5.380581508982386074e-01,-2.282556539369555784e-02,3.744914043955716587e-01,-4.287244865995730736e-01,1.249523945877588860e+00,4.038437696775352692e-01,-2.070753101304340371e-01,2.146246227699160070e+00,3.578414077876984067e-01,-2.900051139042348486e-02,1.686143820638018598e+00,5.301772097434814812e-01,-7.859806905114300468e-01,5.659674601743336364e-01,6.778839393317797057e-01,-3.554287232395816343e-01,-5.584904205964047463e-01,7.346513496126481080e-01,1.279212312849978828e+00,9.449474535448586232e-02,4.645253393324386137e-02,1.980522993628672235e-01,-4.703140815207964565e-01,-1.165860864389352436e+00,1.337163533356058864e-01,-5.194290880685286105e-01,-5.203563046328953945e-01,2.183635976624160591e-01,-4.449358049954306726e-01,6.338104439997668260e-01,-2.295043728682069517e+00,-7.289905827340938949e-01,1.031935376659032455e+00,1.197396879811944981e-01,-4.814517863560600630e-01,1.048538881616993546e-02,-7.450293719644871526e-01,8.384149100312228153e-01,1.562118291441357165e+00,5.153470428612951793e-01,-5.294152119330877149e-01,9.574020200683405202e-01,5.255598576011972778e-01,1.763207709282071101e-01,-4.595085941875746149e-01,1.143404145821199425e+00,3.366388706579567236e-01,-1.155318240298136345e+00,-6.566886319093240276e-02,-3.739408397347042112e-01,-3.388092529165998013e-01,3.586769663126404550e-02,-1.205236810512788637e+00,-3.007936658464650526e-01,-7.631407804568783870e-01,3.384698177452370033e-02,7.365186943767166872e-01,-9.179116548008411369e-01,1.866229392804485521e+00,9.698731657192201094e-01,1.055299268037222848e+00,-1.432284033701540338e+00,3.372960945380666598e+00,1.543760601145721001e+00,3.625068444173664695e+00
5.347242757801239366e-01,6.904391744362600170e-01,-8.395796225684383218e-01,2.076352081483544276e-01,-7.557772465791843253e-01,-7.848932358603601944e-01,8.809114704177487543e-01,3.370510559847167409e-01,7.783758560069238275e-01,1.323523828725152063e+00,-1.130557033473321704e-01,-1.021683213069728646e+00,-4.519728303480326503e-01,5.581114867172537464e-01,8.066310122813136196e-01,6.333019075158142774e-01,4.413782667492876371e-02,5.065879017308932974e-01,2.394228455357922059e+00,6.275618658406578732e-01,-1.226583459128300468e+00,1.153450901216431790e+00,-4.223483203652220186e-01,5.507326523757161141e-01,-2.122127238917073666e-01,-3.046149040602245672e-01,1.428850017901136082e+00,-5.348353581077593295e-03,-1.095517146195959191e+00,9.734440271794948807e-02,5.476058409551659567e-01,-7.774830853208137826e-01,4.742490051848800570e-01,5.916709116246745559e-01,9.594440694691549476e-01,1.314195524899677503e+00,2.437590752676671024e-01,-5.428292790839434057e-01,1.719905413090778712e+00,8.101460081323070828e-01,1.947612586447300398e+00,4.418119377062569297e-01,1.238317789339319352e+00,-6.859474066739405795e-02,2.545903041566264791e-01,-6.580974022473312646e-01,4.616853914809217474e-01,-1.556819337106845946e+00,7.437337878833828464e-01,1.436243855517671975e+00,2.301692084494106061e-01,-6.232917639643588137e-01,3.852404657756427486e-01,4.230861180413316713e-01,-6.904058336375927807e-01,2.088928468320137455e+00,8.473121465740586222e-01,1.306167657066846122e+00,-7.166050967751570466e-01,-1.456146543622470979e+00,1.429424730532924848e+00,5.517385314349806391e-01,4.053580776014599207e-01,6.993199539540384535e-01,-3.967176622452719958e-01,1.595629813180932666e-01,6.263106798200699377e-01,-8.201790920200935364e-01,4.358437810209714151e-03,9.511150259079547142e-01,5.615543753179720321e-01,2.453087248314210489e-01,1.782627916871633578e-01,2.303884588658738908e-01,-4.118156500912710793e-01,-9.497013457434371198e-01,-3.490243819924124247e-01,1.043418106343982493e-01,-8.590954691746284233e-01,-6.548650539657309144e-01,1.619683830800977331e+00,-8.429700728037048396e-01,2.064874025880201192e+00,2.990948905349489539e+00,1.139607936304943614e+00,1.470387984172615292e+00,6.061871625665187224e-01,-2.824774885491901921e-01,-2.015978786613166485e-02,-2.073662210317403498e-01,6.895491446475450203e-01,-3.325201354691115219e-01,1.090545609489236289e+00,-4.569536788466672661e-01,-2.391133651178812825e-01,2.400122203507596697e-01,2.256460033883672667e-02,-1.283682633487894520e-01,-1.866635867666724125e-01,1.362332269784934491e+00,-1.021993998284567301e-01,-1.174060042594140318e+00,1.723557663515139948e+00,-9.309758403488959111e-01,6.156810837919574064e-01,-7.980182135971396473e-01,1.598881094208869813e+00,3.088861519695350610e-01,9.618073777110897060e-01,-2.536881924842713687e+00,6.025673768841245392e-01,2.030920181831633808e+00,-1.685726503901904538e-01,5.610708973859814819e-01,-1.614378364751331285e-01,-1.079536289458155718e+00,6.914942374183245810e-02,1.383407070036817510e+00,1.261296228551015863e+00,7.421390685676316767e-01,8.345611213772557990e-01,8.763899437996703901e-01,1.312608096228524701e-01,-7.948625769966223276e-01,1.192731393935696493e+00,-2.807226978462564193e-01,3.263963973243862449e-01,-2.259919364804928166e-01,-4.679001998727370937e-02,-1.983821216969887946e-01,-3.620907088992967315e-01,-3.149260293357045715e-01,-5.657561790813645519e-01,4.178493058069553817e-02,4.149965281902915915e-01,-4.548530735269567526e-01,1.252433999788561181e+00,3.479810297283190135e-01,-2.101063938855216306e-01,2.100172226401933795e+00,3.250586292257710563e-01,3.466669012623962293e-02,1.725956844713382399e+00,6.168999007503199739e-01,-8.216779600081731694e-01,5.288124089461402333e-01,6.516123005421804448e-01,-3.428764677018700802e-01,-4.667296152718870550e-01,7.070545282133157139e-01,1.285880172203948346e+00,7.853715025722307619e-02,5.830632153508931437e-02,2.300894565945108827e-01,-4.625524252605419662e-01,-1.243839617038615453e+00,1.618978642176839289e-01,-5.033853602430932161e-01,-5.208208361181542179e-01,2.044522449840588396e-01,-4.805711807608366026e-01,6.300383151345898547e-01,-2.263105323659107881e+00,-7.103541593302917789e-01,1.029826406265943683e+00,1.446097458790344681e-01,1.394396633342865899e+00,-2.205783697922302639e-02,-7.446731117559097779e-01,8.417814834860437578e-01,1.576934119631898890e+00,4.719545327216977948e-01,-5.444155916227798597e-01,9.530510203348775411e-01,5.946969438525947504e-01,1.975932299408917625e-01,-5.313745726458943830e-01,1.144010483343874451e+00,3.480483219486135149e-01,-1.210182227868920268e+00,-9.380440349152158186e-02,-3.375399530379958324e-01,-3.424307642105468563e-01,6.266439195279382979e-02,-1.233155574733705961e+00,-3.283533239846187501e-01,-7.897235647335364428e-01,4.316395211195850345e-02,6.976265805730405001e-01,-9.402819321861942692e-01,1.930994981946568823e+00,9.593306235039434915e-01,1.059418503339061512e+00,-1.426534681752316569e+00,3.329116487407176805e+00,1.542994252609903860e+00,3.822884806268957991e+00
5.912129228321310048e-01,6.471057598335407945e-01,-8.039105776062792641e-01,1.708106926089039967e-01,5.638723706888814080e-01,-8.294549211736028660e-01,8.675642870331682355e-01,3.279064050268077346e-01,6.756441619910280583e-01,1.380408789915907652e+00,-1.169724726176099849e-01,-1.058790165899361702e+00,-4.397094147310973700e-01,5.721825531338856630e-01,8.051861952611198969e-01,6.326723670877322236e-01,4.681330275091374199e-02,6.090636550435373220e-01,2.390799874624856436e+00,6.426087128361418488e-01,-1.235547265279560047e+00,1.173903711400367200e+00,-4.120158539287330779e-01,5.250363289199589945e-01,-2.112009150896743681e-01,-3.837653513662080407e-01,1.387939855135315037e+00,-6.783120305798163996e-02,-1.134883127635037292e+00,9.499617780738170425e-02,5.708151299854207217e-01,-7.839591880179892502e-01,4.923932202559364590e-01,6.651981378971829617e-01,1.044683066889120715e+00,1.297084010361058137e+00,2.382505184744306836e-01,-5.021497957067193596e-01,1.675666766007014585e+00,8.206455679716957441e-01,1.973287739991395950e+00,4.887078225069674819e-01,1.224069824750985136e+00,-2.919940012173147248e-02,2.711386083060600138e-01,-6.841488423472570357e-01,4.374530678193245814e-01,-1.532845492753975636e+00,7.161374713903420064e-01,1.405003094362932803e+00,2.790286097576114566e-01,-5.625544519410752287e-01,3.471697433346356831e-01,4.348091289882249910e-01,-7.381261954759414934e-01,2.059112381645486600e+00,8.432258927887331668e-01,1.292380020843503008e+00,-7.302149011543320745e-01,-1.441045203804215191e+00,1.449515839252959015e+00,6.024257415295951601e-01,3.966814957565457100e-01,7.000621339895736206e-01,-4.027738048517421343e-01,1.811129323454312434e-01,5.670730841062756600e-01,-8.409664853508136417e-01,1.009697105851895330e-03,9.825180750510436045e-01,4.897149452834515526e-01,2.683492622081467549e-01,2.066109398384143592e-01,2.163167530459501053e-01,-4.169014085786926227e-01,-1.020184580402943908e+00,-3.019835462997349507e-01,9.562568010039806943e-02,-8.696115818990086677e-01,-6.324917230105893129e-01,1.604440580800757576e+00,-8.891545248356282904e-01,2.071349427059011816e+00,2.998501430937198897e+00,1.130966124658419059e+00,1.453344379597105052e+00,5.889393964718915297e-01,-2.620793584839921087e-01,-3.343637019738526089e-02,-1.714602126324072107e-01,7.142070811627327931e-01,-2.967970805601786721e-01,1.102442674800734101e+00,-4.593803400532792680e-01,-2.646211009859874563e-01,3.089557569605249632e-01,5.042624229668191474e-03,-1.613144112781104700e-01,-2.121523293093869056e-01,1.366576795252221643e+00,-1.033033487924252120e-01,-1.247971144402341137e+00,1.701920760854117365e+00,-9.052324871294535891e-01,5.646004959433497117e-01,-8.049670367305767904e-01,1.637540235310586567e+00,3.388848968007086571e-01,9.725701793916141646e-01,-2.581405321334552916e+00,6.223529200104715997e-01,2.038241898761592452e+00,-9.797814479641069052e-02,5.919243459521253969e-01,-1.296025318820105410e-01,-1.091562048931219886e+00,1.159823883062432448e-01,1.356987134306401943e+00,1.241052312283078329e+00,8.047078986450406646e-01,8.380440763513499203e-01,8.253869160703333208e-01,1.068970959709441837e-01,-8.052844539265571200e-01,1.189213770509400137e+00,-3.369004783067972020e-01,3.438849252168764137e-01,-2.499824867505033021e-01,1.033446513095579930e-02,-1.870036231295664764e-01,-3.732477037772923278e-01,-3.321611397099987761e-01,-6.493511629603785362e-01,8.118065165367824298e-02,3.614383470938956622e-01,-4.235856696579125003e-01,1.248757380503890291e+00,3.897770523099706175e-01,-2.285239231767570434e-01,2.141215477861750482e+00,3.202519893871514367e-01,4.077681921598058645e-02,1.725816534422001780e+00,5.317059940846795563e-01,-7.954976430451116132e-01,5.569427435718395936e-01,6.731126224475789677e-01,-3.385104199752896892e-01,-5.056722410487769492e-01,8.011859460050662074e-01,1.291367214946442132e+00,8.096247377068266360e-02,4.105782110988111244e-02,2.160446988864253570e-01,-4.614452527893836420e-01,-1.224054818525665889e+00,1.323617711066538694e-01,-5.161742425176713001e-01,-5.397548417129152121e-01,2.558766030126958246e-01,-5.057173867141427914e-01,6.471927395091253699e-01,-2.237982827214471726e+00,-7.362678526463075634e-01,1.000012669686456412e+00,7.624772254673060912e-02,-4.894158936316025943e-01,-5.164495118653573795e-03,-7.647421671994040215e-01,8.517164792202506218e-01,1.556067124383902378e+00,4.600802102661578075e-01,-5.155562671951051668e-01,9.589729121611384466e-01,5.231283100428744115e-01,1.901826041268846745e-01,-5.189285891218268221e-01,1.166818970777709241e+00,3.648103393417783114e-01,-1.118319863330893060e+00,-8.105665997521184496e-02,-3.146431418239114541e-01,-3.033254041603090645e-01,5.563937093265416273e-02,-1.159701682572004344e+00,-3.084937734817879140e-01,-7.706338336182783078e-01,4.776884829571495517e-02,7.607332420567954889e-01,-9.168956669917384117e-01,1.894978394448208148e+00,9.636159092417319050e-01,1.088277638182023166e+00,-1.439026461742363150e+00,3.309501975753450509e+00,1.542979039237756256e+00,3.848082195863979038e+00
5.501238415370877100e-01,6.947239006492238467e-01,-8.297570929173833099e-01,1.797802050605563362e-01,5.702954419574693956e-01,-8.279676675082873194e-01,8.571902891322724649e-01,3.697817627274678220e-01,7.537315136532071191e-01,1.326870995019272526e+00,-1.122625614031558527e-01,-9.966791103472505409e-01,-4.318007947530147494e-01,5.892692810267129433e-01,8.308290456538265367e-01,6.396317363009826895e-01,5.848256962711120832e-02,6.038160539489461076e-01,2.360549504829219547e+00,6.305954515330900456e-01,-1.291214000143684704e+00,1.128839667066360963e+00,-4.069415772120065222e-01,5.337105400650130616e-01,-2.184258491583924988e-01,-2.840877775824138807e-01,1.375992893405182160e+00,-2.959815002192779133e-03,-1.142467603912734608e+00,9.164229481466311389e-02,5.357945855153445347e-01,-8.094237764998357676e-01,5.088442852707941721e-01,6.121362121893634267e-01,1.024971132909506588e+00,1.347534909613453680e+00,2.285422927151416761e-01,-5.616785705153140018e-01,1.705473827515652463e+00,7.910308366773708411e-01,1.961012474939380246e+00,4.686077896967554834e-01,1.208524310774404587e+00,-4.966795273043115438e-02,2.893047111445370967e-01,-6.491570915516218232e-01,4.710894079589667549e-01,-1.568188994367382127e+00,7.209422113358147088e-01,1.436145496850776526e+00,2.307204279129879965e-01,-6.159263045549792093e-01,3.652585722673454827e-01,4.357448119939298925e-01,-6.840370385477478887e-01,2.091640706026181018e+00,8.441920153346121891e-01,1.294201838956597461e+00,-7.271336278346994808e-01,-1.414306458537317512e+00,1.458642325309472243e+00,5.630765342283483577e-01,3.701069893100992214e-01,6.708635474965672918e-01,-4.455745681225716792e-01,1.596326524033829519e-01,4.401526344878857744e-01,-8.814916022451725341e-01,3.093937458971511567e-03,9.617306383873612807e-01,5.561012416731054842e-01,2.745095128377025850e-01,2.055565530602368185e-01,2.047539943431141984e-01,-4.313510701333170827e-01,-1.022281060709236744e+00,-3.130628672524866096e-01,8.234662608913931314e-02,-8.727836418687286990e-01,-6.537696277067845951e-01,1.632436864187466252e+00,-8.798553957052756003e-01,2.083235784133682600e+00,3.001758047075659519e+00,1.115647144764505327e+00,1.480759631516893604e+00,5.958537651884362463e-01,-2.892585304756393194e-01,6.342321540324392590e-03,-2.301642474361587920e-01,7.344889789629623911e-01,-1.834754189916817657e-01,1.090799687802950446e+00,-4.267519865578506821e-01,-3.168687407012543145e-01,2.832415284217599249e-01,3.511591762707275133e-02,1.184803777774202649e+00,-1.978683621215437116e-01,1.375721308377072738e+00,-8.881918921763372332e-02,-1.230383177509581927e+00,1.700266894109071059e+00,-9.442195284470344951e-01,5.489344080019719074e-01,-8.191434324308999315e-01,1.646967931752515657e+00,3.271923380116271707e-01,9.964995409926735714e-01,-2.615505059534845245e+00,6.211596437029826001e-01,2.017015298476016127e+00,-1.465940447357102216e-01,6.164384863278459248e-01,-2.049445460963349175e-01,-1.088957584575537929e+00,1.228078744938911337e-01,1.329280002725898635e+00,1.257549958154108527e+00,7.916561153650940597e-01,8.325251136831264276e-01,8.658121240545629815e-01,1.072723201744848892e-01,-9.058037433672658789e-01,1.213544301781926071e+00,-3.182274429302097696e-01,3.529656338284175021e-01,-1.893132093226515544e-01,-8.118201015939677245e-02,-1.910724163857878133e-01,-3.047489355260035726e-01,-3.184670258450086333e-01,-5.271290117453224511e-01,6.288234344924018004e-02,3.807890780345035142e-01,-4.413788001173825637e-01,1.232282851327965334e+00,3.620688428546388615e-01,-1.886645291625930754e-01,2.126880484133918614e+00,3.496143843718597655e-01,-3.696788461585531760e-02,1.727627905202020697e+00,5.275561695019684860e-01,-8.001537022444076275e-01,5.850248701372950944e-01,6.070608774080109571e-01,-3.456834743461432713e-01,-5.417588506615749200e-01,7.598529830373962346e-01,1.318367392296536211e+00,9.097748744705741464e-02,5.233381913324602897e-02,2.257440289983087545e-01,-4.497112809745904549e-01,-1.233000554384054315e+00,1.215218179618178240e-01,-4.628667993736128583e-01,-5.027143384452807950e-01,2.428646718991104292e-01,-4.901926682133671553e-01,6.096951654235130968e-01,-2.303538329785051797e+00,-7.529004895923169238e-01,1.022633295306658141e+00,1.422371116814060699e-01,1.383739419705222851e+00,-4.943034444215690937e-02,-7.483308782138742288e-01,8.616947055068593375e-01,1.546275379597939370e+00,5.009750883536818744e-01,-5.434257302101639375e-01,9.463079899773511050e-01,5.875491951292082238e-01,1.758834297885576436e-01,-4.942519667822501406e-01,1.172865988576994756e+00,3.317176940557494680e-01,-1.203897635591560711e+00,-1.034168609604863981e-01,-3.828079427266862234e-01,-2.915514273825733915e-01,6.244904509176893437e-02,-1.227741851531061190e+00,-2.763620557342598150e-01,-7.725495059343017168e-01,3.473140687103498658e-02,7.413192845787636154e-01,-9.856653219924408349e-01,1.932817129872878459e+00,9.963242341306359773e-01,1.057939087670838552e+00,-1.422216710940953810e+00,3.391324615941981868e+00,1.546594448659417198e+00,3.862924849269913086e+00
5.668509693813508221e-01,6.555780883831956452e-01,-8.155815781546129628e-01,1.637266050346789514e-01,-7.497281142557884470e-01,-8.285783580068082355e-01,8.748749829039378367e-01,3.395231044812355714e-01,7.590435594733785374e-01,1.370748848613959403e+00,-1.100810351119162478e-01,-1.080216536337270217e+00,-4.282881994976208695e-01,5.756562453079687725e-01,8.586627982799652781e-01,6.359079898709597556e-01,4.743151383666387860e-02,5.225012468382046471e-01,2.401839809185009500e+00,6.382296129189644063e-01,-1.244448895701997237e+00,1.135147975027540390e+00,-4.002197894178858850e-01,5.269552793529884704e-01,-1.884482196217737160e-01,-3.889695809014773742e-01,1.434795971325593777e+00,-7.230863878266993727e-02,-1.114009627178919493e+00,8.388108910357253145e-02,5.707975243500378326e-01,-7.783412010769522604e-01,4.845668791668233943e-01,6.559094473075114395e-01,9.893750902958027282e-01,1.274022374865248386e+00,2.351263358787732127e-01,-5.589955799566516115e-01,1.703809343110937569e+00,8.065704609006665304e-01,1.978106373231564685e+00,4.838465008715543414e-01,1.215012738620063537e+00,-2.112639002544886707e-02,2.749624058575232399e-01,-6.581696103880536608e-01,4.785172131864579015e-01,-1.661339550804616483e+00,6.983964166685733277e-01,1.397866977303224623e+00,2.018705226799845098e-01,-6.355495283575841592e-01,3.683945222724056001e-01,4.602385006059987460e-01,-7.382088692791977103e-01,2.065182923188367159e+00,8.380593265487599197e-01,1.303411392290571902e+00,-7.236253383499716696e-01,-1.442843960193829878e+00,1.434562472410467526e+00,6.065817714456993581e-01,4.057372442304980620e-01,6.688899103042823535e-01,-3.903160413141581464e-01,1.987401176495441346e-01,5.703903822716491767e-01,-8.359794678073855234e-01,-2.023338082485001861e-03,1.003618520727410202e+00,4.882137345196995160e-01,2.752533986865039473e-01,2.051233321789839581e-01,2.019257782874498142e-01,-4.116135297415906558e-01,-9.174007076158593454e-01,-3.045930976685866653e-01,7.424500055277857835e-02,-8.570623030716776336e-01,-6.528138852521376823e-01,1.617514642073335507e+00,-8.681414317821313231e-01,2.078795076230120831e+00,2.987565976559369396e+00,1.188443492364203991e+00,1.475836652650757141e+00,5.814232401538866890e-01,-2.669109427025547210e-01,-1.117548285369056663e-02,-1.977010935083131637e-01,7.478514906943896090e-01,-1.976963115839383833e-01,1.065653674467492484e+00,-4.292571028729426641e-01,-2.560728048818345925e-01,2.214742475469074490e-01,2.363092549690289090e-02,1.187338969144558609e+00,-1.858158457864806656e-01,1.370343897048396764e+00,-1.107123558804570251e-01,-1.251017088669616362e+00,1.763192489644757277e+00,-9.070811707397354873e-01,5.616169221573650283e-01,-8.012850029904743376e-01,1.638143939493353463e+00,3.367135233400387895e-01,9.991278997628142422e-01,-2.577875621231513037e+00,6.222327837066009559e-01,2.053344567789994635e+00,-1.019361944246876400e-01,5.650791208065029103e-01,-1.372879348388224008e-01,-1.097540566140632778e+00,1.119867659260574411e-01,1.352668761639348904e+00,1.259767869554507813e+00,7.888142551506583944e-01,8.432974682839399216e-01,8.027051378799343606e-01,9.985097111242809131e-02,-8.902440841198351329e-01,1.203601953001385505e+00,-3.128935859463251035e-01,3.638398415044726275e-01,-1.636039591389588932e-01,7.875980207120714116e-04,-1.872299373937295064e-01,-3.512915996481208447e-01,-3.189656196650995645e-01,-5.549735569445597427e-01,7.264757011519371033e-02,3.573110063330464103e-01,-4.557747713584928695e-01,1.247631095730358464e+00,3.529268527610347483e-01,-2.022089368951448529e-01,2.140489367693417577e+00,3.153377560281241943e-01,3.192117630976683273e-02,1.690752398997971806e+00,5.313912842583393692e-01,-7.789887769122998407e-01,5.182998433925782855e-01,6.699529968427206938e-01,-3.272207009628651520e-01,-5.390417373297812231e-01,7.235491940764268159e-01,1.290429219080028167e+00,9.356151311270746729e-02,3.795226331437918238e-02,2.129748575775294306e-01,-4.534256378670371013e-01,-1.213015092645228110e+00,1.405427982249509988e-01,-5.097142764103363977e-01,-5.235349014468361206e-01,2.345826661099418287e-01,-4.539733890318641829e-01,6.299971389643668207e-01,-2.281969073331694631e+00,-6.867394022786273977e-01,9.938487160264675158e-01,1.155230340036606657e-01,-5.127150369545324660e-01,1.122298990386334273e-02,-7.562605614102149154e-01,8.199774182131046585e-01,1.564038802860921118e+00,5.006685750459284323e-01,-5.127937649502269934e-01,9.679753456379097676e-01,5.275432614236690299e-01,1.771540678932788104e-01,-4.899352844664949802e-01,1.156548186516694443e+00,3.429915237433374675e-01,-1.186552139200060640e+00,-9.321445555797629179e-02,-3.423305341073594743e-01,-2.607588508234569002e-01,4.501223376971556084e-02,-1.213494616476239907e+00,-3.009817125048889208e-01,-7.702545675802665581e-01,5.589522981928646966e-02,7.531449162737950953e-01,-9.154920246184599097e-01,1.914179520264106094e+00,9.634197253017348084e-01,1.048427277800867641e+00,-1.432543827930374825e+00,3.383505411465498103e+00,1.537706204265743892e+00,3.874452818602518001e+00
5.774856803657314464e-01,7.037232167447770026e-01,-8.434102557400759981e-01,1.797431270272345227e-01,-7.712649108677580578e-01,-8.346328872076850258e-01,8.547167163372145771e-01,3.200720772458716112e-01,7.792478907982566261e-01,1.313262740753561975e+00,-1.268071690319796108e-01,-9.970641944778406707e-01,-4.734528598868644189e-01,5.763592043986918156e-01,8.139862857136004326e-01,6.389191838531399492e-01,4.020734020866706393e-02,5.508681295218448293e-01,2.397542515190574264e+00,6.438985978592826065e-01,-1.259375509109823321e+00,1.144937598943098989e+00,-3.840923009283472300e-01,5.442030393592568460e-01,-1.897493969933918834e-01,-2.810230586623485571e-01,1.395187376045053940e+00,-9.457289881778659091e-02,-1.121699840511548807e+00,7.926862123202389754e-02,5.278748101408218263e-01,-8.056681394583560252e-01,5.352258296429586171e-01,6.066888186069001598e-01,1.011682890539839619e+00,1.321993274932397266e+00,2.381307602584528116e-01,-5.362890757743042913e-01,1.667692032270742475e+00,8.030699896743359600e-01,1.927559973393507597e+00,4.554003019213804793e-01,1.218032614835364846e+00,-1.099284754119468979e-02,2.635587450799217191e-01,-6.735109572465327599e-01,4.547237348816307589e-01,-1.648959771424415077e+00,7.141814026028453499e-01,1.447102527578776554e+00,1.940944221412394810e-01,-6.108342295191476756e-01,3.639312875770048805e-01,4.541367446154701004e-01,-6.736715173589905570e-01,2.065845679029514770e+00,8.823026190871214869e-01,1.313421922224667027e+00,-7.167102793682346151e-01,-1.424038604553383269e+00,1.434861692505787989e+00,5.650198159688138988e-01,3.909620276299409225e-01,6.804649667448227079e-01,-3.916249724336001159e-01,2.121422769606566838e-01,6.133951915462858562e-01,-8.598754393770593474e-01,5.173805598481885648e-03,9.532431848905468241e-01,5.470059442736369126e-01,2.610290462648673926e-01,2.118042948459752106e-01,2.358389514392429942e-01,-4.296993520569570291e-01,-9.952871013071931117e-01,-3.305092204052911264e-01,7.089880609621537766e-02,-9.044965742538279008e-01,-6.427856861704321911e-01,1.588670677852010327e+00,-8.625773014472229994e-01,2.073605767179861559e+00,2.992677181643899065e+00,1.081206567790276241e+00,1.459055421712737166e+00,6.380202253579898564e-01,-3.115075903427607651e-01,1.137654756777949430e-02,-2.357638428031131328e-01,7.065961172527310818e-01,-2.325634635741831713e-01,1.087061329445825786e+00,-4.707735354163713470e-01,-2.802901673633075852e-01,2.223495824334107696e-01,3.489393393440415325e-02,1.194458417383532867e+00,-1.752078064631590881e-01,1.364929803147845178e+00,-1.371363630998040928e-01,-1.129677018801841459e+00,1.766558164116217355e+00,-9.186015245562781928e-01,5.576262906935885999e-01,-7.952062665360404292e-01,1.641559564423472395e+00,3.617835997775426526e-01,1.010794222940657683e+00,-2.538855170723362420e+00,5.911515412317170926e-01,2.044016068775926342e+00,-1.389895018166051877e-01,5.892688939169594686e-01,-1.287699951976369328e-01,-1.128740165331242551e+00,1.161460181906508737e-01,1.388155964068170878e+00,1.247079212096838807e+00,7.311397977879924293e-01,8.502879620273785521e-01,7.889667189025595384e-01,1.130970270732343658e-01,-7.537034763925576364e-01,1.196998535201377889e+00,-3.107276378415778639e-01,3.385463553599845077e-01,-1.719652509985219735e-01,-2.718210784988193615e-02,-1.664548520894315320e-01,-3.208597750692361861e-01,-3.150825536914356184e-01,-5.429798459170314118e-01,-2.122476285163676230e-02,3.530308666047588528e-01,-4.716736985635227586e-01,1.245890904498751839e+00,3.587893499811055098e-01,-2.491378281373125836e-01,2.107956528675332564e+00,3.432912491633142715e-01,-2.608011253107236221e-02,1.742034182248387575e+00,5.913459964868714724e-01,-8.015829490953606529e-01,5.035477294052213004e-01,6.822054211442544203e-01,-3.391687055082857061e-01,-5.401901316244032136e-01,6.766148543095797940e-01,1.270511447726995202e+00,9.202900625221023534e-02,7.365283074275216779e-02,2.180304756996703508e-01,-4.320412972564968701e-01,-1.235616631450572545e+00,1.040433044724968503e-01,-5.010733127814831489e-01,-5.228549998864949755e-01,2.074023968973196519e-01,-4.677888008555875499e-01,6.106169857056883421e-01,-2.286957996024432394e+00,-7.150677627582033846e-01,1.021213510452587236e+00,1.379613773733731619e-01,-4.647418881734319829e-01,-3.970518521957150382e-02,-8.054710603207162478e-01,8.693922486527435600e-01,1.562191648968567437e+00,5.305168768383070610e-01,-5.358285747681120759e-01,9.544485927432520000e-01,5.833016573610515509e-01,1.699888547800355587e-01,-5.245297846654558560e-01,1.131284963371283814e+00,3.165940974209636716e-01,-1.161464533832651469e+00,-7.843422249506595834e-02,-3.193756790175333871e-01,-3.268986661261325533e-01,6.378448162325384141e-02,-1.219884719846769050e+00,-3.111499820872054012e-01,-7.890807342698159532e-01,3.104715736294984263e-02,7.616179226822291648e-01,-9.021064461003877044e-01,1.958233307832210723e+00,9.601745316104289829e-01,1.065069610426208735e+00,-1.464606576583554975e+00,3.352448747004680207e+00,1.513851874544299037e+00,3.896778811870856618e+00
5.498181515288432797e-01,6.798487270984803210e-01,-8.480255729770395101e-01,2.102747297757768807e-01,-7.574105439092158054e-01,-8.113953814940245701e-01,8.439558504741923040e-01,3.603584453678577715e-01,7.528060714143970378e-01,1.338354920953904958e+00,-1.253191305760983365e-01,-1.020056423324665618e+00,-4.364638801077193597e-01,5.703290660435832438e-01,8.502791555587723149e-01,6.609746292502056697e-01,5.953816496233046290e-02,6.238987840403210638e-01,2.412111627791782897e+00,6.406832529701824708e-01,-1.262752877875306767e+00,1.134782690755162582e+00,-4.145417769934749974e-01,5.549914860340112721e-01,-2.146036101107937633e-01,-3.822101726802017985e-01,1.394189068966701139e+00,-1.054937284728164892e-01,-1.098301444903196034e+00,8.636144978588494725e-02,5.496533786985610126e-01,-7.720098912951660619e-01,5.437693317679851424e-01,6.175421991668627042e-01,1.035833138583833968e+00,1.300892833230821166e+00,2.211411431746087008e-01,-5.180129811589950783e-01,1.729039169792944364e+00,8.035127950677898312e-01,1.950044092568227638e+00,4.676291372307607164e-01,1.212142144842188296e+00,-2.122794729619945781e-02,2.942621503403900496e-01,-7.649346139244854736e-01,4.537927086518884212e-01,-1.682372804262419086e+00,7.054054781091199100e-01,1.386295824569053092e+00,2.515860336977907563e-01,-6.315772769563332556e-01,3.716921126366075634e-01,4.636264679413901746e-01,-7.616046840584925759e-01,2.087887896807911758e+00,8.461927369235260343e-01,1.319693654158834439e+00,-7.346126668591254072e-01,-1.400920631547376782e+00,1.473708069702996726e+00,5.743590751120304372e-01,4.037299259201889701e-01,6.839564697724370701e-01,-3.835866657361657883e-01,2.022448962478599066e-01,6.250099736014692597e-01,-8.318338936804744455e-01,2.228619123651197007e-02,9.793083207128101542e-01,5.472512454752738176e-01,2.592533836398540625e-01,2.154667976909644400e-01,1.951506481087277034e-01,-4.059092605073574278e-01,-1.030178523490361764e+00,-3.310742855679989494e-01,4.651776846325107045e-02,-9.057980204086356624e-01,-6.256763852593772990e-01,1.604252854854664623e+00,-9.045338597849579276e-01,2.075310812650265291e+00,2.971352463457449300e+00,1.128457216048997624e+00,1.368473233406398482e+00,5.873135846669270688e-01,-2.966218779214532808e-01,1.570251782445846248e-02,-1.974874752999425942e-01,7.136540180876496109e-01,-1.957601622828514798e-01,1.090018588653590470e+00,-4.391001734779651500e-01,-2.446175134966761533e-01,2.829230192803555699e-01,3.379870507837080817e-02,1.157020059743484985e+00,-2.496423816751457692e-01,1.405006678264086428e+00,-9.050238067561021393e-02,-1.125511272846235977e+00,1.762384772770987595e+00,-9.614782430022431603e-01,5.756143875365898888e-01,-8.010579206889650861e-01,1.640286808680180286e+00,3.455073711237645062e-01,1.014066892232385442e+00,-2.626980568978327657e+00,6.210542107333024697e-01,2.056071649329823892e+00,-1.338598324324508648e-01,5.763409256207594478e-01,-1.297546834872623511e-01,-1.098658270807077342e+00,9.885803479055343956e-02,1.325322530925561848e+00,1.255225265314158678e+00,7.691493874797382668e-01,8.334297904887174591e-01,8.189170028250766231e-01,8.706436911224076092e-02,-7.688697123827993307e-01,1.175404664076230121e+00,-3.135337297907155873e-01,3.082157627192954608e-01,-2.163905151155786077e-01,-2.737908868204148860e-02,-1.832312210840465472e-01,-3.320252332877812740e-01,-3.287223736902306070e-01,-5.836374278655045433e-01,-9.940631959620777058e-03,4.457463393257184436e-01,-4.551348497908230262e-01,1.265052114740608635e+00,3.435270416757723044e-01,-2.007165927858860222e-01,2.111897801211314540e+00,3.111974677223042218e-01,-2.956082339364887387e-02,1.724990562791668625e+00,5.605766322422706116e-01,-7.898265959884577248e-01,5.879646031087643054e-01,6.763676618524924189e-01,-3.538381208990062365e-01,-5.118625321307391784e-01,6.702740549018835203e-01,1.274783999510282095e+00,9.911198195273757117e-02,5.899474145872970338e-02,2.212208229027246287e-01,-4.315226562125603071e-01,-1.218473291738450204e+00,1.344366974401485781e-01,-4.942129641831486397e-01,-5.242357043818773876e-01,2.529650502357904673e-01,-4.916402044725707299e-01,6.448657986805841347e-01,-2.259979816800060437e+00,-7.052969143177906242e-01,1.012638590505497316e+00,1.305109153219513873e-01,1.346356583702086995e+00,-2.191819848628566783e-02,-7.682885470166785913e-01,8.480789771398270505e-01,1.562860748981447001e+00,4.994552551132578899e-01,-5.151312229709693602e-01,9.250583565380138262e-01,5.548138387676296857e-01,1.560665531618534996e-01,-4.516132216227990437e-01,1.147502100494742550e+00,3.319781214569643146e-01,-1.174118793094577784e+00,-1.044628531073698297e-01,-3.789347031082890283e-01,-3.231459778737229005e-01,1.044635847531802803e-01,-1.121764635772690699e+00,-2.885294850459245164e-01,-7.697748435728217764e-01,2.403341954602429553e-02,7.353960159928413232e-01,-9.202119167682262235e-01,1.928235076184813490e+00,1.003626943908261238e+00,1.063281845659058478e+00,-1.433534797081660983e+00,3.340122586099206536e+00,1.533936674548388890e+00,3.917647936504336403e+00
5.376462329565218079e-01,6.588579305960166055e-01,-8.334754734047195024e-01,2.018172449429376236e-01,-7.617946252864871148e-01,-7.960326840348100896e-01,8.889621625879943201e-01,4.558404737853377076e-01,6.789028978833042682e-01,1.392177054305560935e+00,-1.241828467451927404e-01,-1.024189892081472042e+00,-4.672779076482256322e-01,5.682432900636648077e-01,8.123077328630010641e-01,6.360588595843015280e-01,2.340394960404934555e-02,6.062303768078320942e-01,2.404865254298313548e+00,6.498331801931560570e-01,-1.191048810612184594e+00,1.143160700456348877e+00,-4.180933796320377982e-01,5.450468686460069323e-01,-2.149764684627576139e-01,-2.927273274358233035e-01,1.428306386470335143e+00,-8.175142487955867898e-02,-1.097445151803962293e+00,9.285919068911957508e-02,5.504379012894435874e-01,-7.684011673503909901e-01,5.038868171246135841e-01,6.184769005753413262e-01,9.694702499325001943e-01,1.312977161476119869e+00,2.456085851585005086e-01,-5.278982545991176556e-01,1.711119066256730381e+00,8.302221647980086994e-01,1.967470281768957330e+00,4.652027510225791307e-01,1.204289443099543444e+00,-4.314475026958882603e-02,2.843158100833134694e-01,-6.666912435533536296e-01,4.743337692459851929e-01,-1.674738979329904343e+00,7.529950925673954965e-01,1.403140942331112972e+00,1.758908098554965993e-01,-6.319573546918680895e-01,3.139363444088903998e-01,4.435570976508556029e-01,-7.739657179874712689e-01,2.098238094150200794e+00,8.412055758591415744e-01,1.307508644653768926e+00,-7.125825901016811237e-01,-1.451135011797726859e+00,1.437079166408695929e+00,5.565344594466878902e-01,4.123411971939190401e-01,6.888291366363884505e-01,-3.808962863778324048e-01,1.669929731149126240e-01,5.798336656149686297e-01,-8.602778890617345242e-01,4.135279721720656713e-03,9.482636206998165118e-01,5.551916687664635308e-01,2.193124496403872081e-01,1.707076252148564122e-01,2.302327122589598041e-01,-4.301356934351552863e-01,-9.495989874529463526e-01,-3.510505713552780627e-01,7.507499744399739883e-02,-8.743057626172314745e-01,-6.557392597431711545e-01,1.611548118968834542e+00,-8.317395054836262958e-01,2.062136536824700883e+00,3.014147029808716294e+00,1.196456086555670595e+00,1.464365021991277827e+00,6.317121173310327187e-01,-2.887643034796444352e-01,-2.167997142223639095e-02,-1.781205517886665091e-01,7.339908581022592804e-01,-3.316592080623399497e-01,1.091456997402940887e+00,-4.705698323232584412e-01,-2.453878445809913600e-01,2.726059362443590262e-01,3.219110227292146936e-02,1.182729251678398930e+00,-2.062688751070490822e-01,1.359236081515186711e+00,-1.088246671940608923e-01,-1.168391293447532453e+00,1.754136433034062303e+00,-9.265918880404674374e-01,5.963783507122816241e-01,-7.993186923185463533e-01,1.595177774616390876e+00,3.165432525389669793e-01,1.000080492732178028e+00,-2.524609369106807666e+00,6.285133717383710739e-01,2.021355453434980021e+00,-9.703211926629735917e-02,5.626567374734953164e-01,-1.835113877002305105e-01,-1.102593825008983064e+00,6.707912685785537288e-02,1.374004919169765637e+00,1.292187151496484221e+00,7.459879021481843342e-01,8.467841761462069350e-01,8.845408394852743994e-01,1.265093753421565048e-01,-8.676625726134357119e-01,1.195975636659679653e+00,-3.444344948975704424e-01,3.914016639567421962e-01,-1.756163222118804490e-01,-5.654156076043412305e-02,-1.984838744436341618e-01,-3.609778712420092517e-01,-3.059233996837001368e-01,-5.460204119397890077e-01,4.137106813683586598e-02,3.815448257315282587e-01,-4.656024275892422515e-01,1.257979442167574957e+00,3.479697871239992302e-01,-1.929360066112171535e-01,2.083194436567167962e+00,3.468158294005190823e-01,-3.428110980872503544e-02,1.683955015998388927e+00,6.014033992628350367e-01,-8.314146834489209992e-01,4.964708184899168097e-01,6.401673542534445094e-01,-3.364974060609030593e-01,-4.650416946425988129e-01,7.352543575567315193e-01,1.276136493019883522e+00,8.209990833349739558e-02,8.282611692718311325e-02,2.169743047444980533e-01,-4.730488054949753551e-01,-1.220470552559026034e+00,9.867417223085392375e-02,-5.069095965713414920e-01,-5.547659172311057985e-01,1.873499501259225930e-01,-4.836594612607461041e-01,6.334199761411440921e-01,-2.268526103111875969e+00,-7.394741586873649908e-01,1.025529512483431160e+00,7.237827866925142239e-02,-4.812299776160602893e-01,-3.980945766300988259e-02,-7.520737928689844587e-01,8.062479136745186459e-01,1.574861030250278349e+00,5.070831817954432053e-01,-5.210822415541263020e-01,9.708400158338167385e-01,5.936652018767373251e-01,1.716987802999473123e-01,-4.592038437330572820e-01,1.141775087242109965e+00,3.413668745584136355e-01,-1.204930118119534210e+00,-8.820195343825523726e-02,-3.283408588469409195e-01,-3.015588790666819952e-01,6.961591740370981496e-02,-1.201433123818990811e+00,-3.276605025011088967e-01,-8.406094170809641497e-01,4.409119912698344218e-02,7.483142899763826073e-01,-9.440257242908295376e-01,1.928262422822847544e+00,9.914775679854445078e-01,1.070079915686511507e+00,-1.420780285372131413e+00,3.329128015768709314e+00,1.541937729125129719e+00,3.973406471140650265e+00
5.937188283734590177e-01,7.236906482196731050e-01,-8.454214445404319989e-01,1.602790502789585292e-01,5.581000394685752264e-01,-8.078561188576997010e-01,8.586189155054025912e-01,3.321455318962691639e-01,7.762010845427341765e-01,1.357563313244806169e+00,-1.141640853774781028e-01,-1.047413454934693178e+00,-4.366269682638990735e-01,5.815178433176605433e-01,8.801537365738086871e-01,6.430092141929989458e-01,4.733000313635009337e-02,5.416566899925486789e-01,2.401203072049500342e+00,6.109534726765122326e-01,-1.232581783268349662e+00,1.139462988173349345e+00,-4.228243939793644990e-01,5.431466623216318901e-01,-2.190027323820299410e-01,-2.756484007728527419e-01,1.386435844695873998e+00,-7.990122289313780768e-02,-1.137280474929176055e+00,1.021779367447037262e-01,5.438296408975911156e-01,-7.620633672175419759e-01,4.999911290310626311e-01,6.263926972113855740e-01,9.699205441021891971e-01,1.302141983548918303e+00,2.111751296132402256e-01,-5.318677235059062758e-01,1.689058311425902792e+00,8.339817480597757626e-01,1.967107864283817120e+00,4.833314803349424427e-01,1.189728151497409181e+00,-4.416228168389271097e-02,2.526670988761499093e-01,-6.688196838481340611e-01,4.900386461138342975e-01,-1.561793717554299521e+00,7.178368694953056739e-01,1.420101403306875509e+00,2.776915076900645651e-01,-5.996445412885550441e-01,3.804578307481601418e-01,4.535405409942279698e-01,-7.499080093051581075e-01,2.107911575696468809e+00,8.332838220051861366e-01,1.306293512422040948e+00,-6.901434693563563982e-01,-1.409692055328853888e+00,1.452027104309218775e+00,5.880861208092909020e-01,3.868362348642060966e-01,6.770899020976290927e-01,-3.849013010509132471e-01,1.336523340549021499e-01,5.802152978647504566e-01,-8.630027745848910525e-01,-1.764310528495504835e-02,9.654933751081408166e-01,5.715136655444471581e-01,2.556444803646067410e-01,2.029316940410529901e-01,2.238518766036848295e-01,-3.862916486570872610e-01,-9.972332256085828517e-01,-3.390137841503713112e-01,9.497525088395324111e-02,-8.699075965891350792e-01,-6.184703828475214271e-01,1.608021637798239478e+00,-8.314421186735972968e-01,2.084596850983684746e+00,2.997339198120379855e+00,1.111785597852817054e+00,1.469528886306261439e+00,6.401180392353299498e-01,-2.728882773741567180e-01,2.061417643601771554e-03,-2.036069201395021011e-01,7.414410109098164003e-01,-2.025201905165577299e-01,1.099751183730394155e+00,-4.982115297376416008e-01,-2.961669132052942577e-01,2.951505085555685137e-01,3.442995282833849480e-02,-1.328135397857521105e-01,-2.154467475286985789e-01,1.372380400562390967e+00,-1.097545605603728047e-01,-1.265928503653107606e+00,1.734342931470484350e+00,-9.101248850667481571e-01,5.805151919279400996e-01,-7.848044088030060594e-01,1.623442054609160579e+00,3.574495967426540854e-01,9.771179291361942187e-01,-2.654865731996053135e+00,6.167846322930164993e-01,2.033473783046071848e+00,-1.072948047776074443e-01,6.032415166237278248e-01,-1.950361387083342224e-01,-1.103766039637294583e+00,9.841524494374201404e-02,1.366810522166100661e+00,1.229818790815230267e+00,8.006124772256225652e-01,8.407335334288397188e-01,8.200494321686894184e-01,8.801168981842501238e-02,-8.018522693952524483e-01,1.206095120994786107e+00,-3.455281135778505708e-01,3.273312989644510673e-01,-2.035207301015191927e-01,-1.555604150705811733e-02,-1.709632841900522171e-01,-3.782926539369363961e-01,-3.306559935206606626e-01,-5.555132862542521144e-01,7.889295026581406856e-02,3.720021048883447867e-01,-4.366015144619527222e-01,1.248870411008198733e+00,3.862672518713833325e-01,-2.072988543126187411e-01,2.134150044210048058e+00,3.118848329422295729e-01,3.937302251203592812e-02,1.706135134350258653e+00,5.306896850781966934e-01,-7.925803380970976031e-01,5.568553794107886645e-01,6.527187307455872833e-01,-3.295599407748782128e-01,-5.269898179061350829e-01,7.813212275970384812e-01,1.249955622972955815e+00,8.324421192700461047e-02,-1.098929841391530892e-03,2.181721177221392916e-01,-4.843883170921124970e-01,-1.143774347095718680e+00,1.591326342701943619e-01,-4.946342596405100545e-01,-5.051990132877421935e-01,2.111441006136104970e-01,-5.059298601105259863e-01,6.257660141763700112e-01,-2.256646602230672372e+00,-7.212833307703175878e-01,1.033467628535544414e+00,1.151751278297792475e-01,1.355567202963895213e+00,-3.613783388863185328e-03,-7.636910571341820608e-01,8.377168648522538286e-01,1.575155643292897478e+00,5.600766422889572604e-01,-5.201292895189015830e-01,9.797747105807762535e-01,5.196537448018100358e-01,1.858450209362625394e-01,-5.191729786797627533e-01,1.140833968631604023e+00,3.588096380595134360e-01,-1.135710500136881018e+00,-7.949264366112503144e-02,-3.340717086197609875e-01,-3.019190642977385153e-01,4.779638019618935585e-02,-1.212442872695886464e+00,-2.689515374655273572e-01,-7.687147128067446378e-01,3.359842105012049440e-02,7.638860207264365210e-01,-9.134197908533504551e-01,1.869962895257653690e+00,9.625538307477541355e-01,1.096224253509151980e+00,-1.434377272299171002e+00,3.376034285920976430e+00,1.547921434717389744e+00,3.973835881113987334e+00
5.737597726750253146e-01,6.875375932823035718e-01,-8.446776312123787100e-01,1.954257498842436602e-01,-7.467784028607313829e-01,-7.844772871471913378e-01,8.821917295458424624e-01,3.198788412034851425e-01,7.317582189255635861e-01,1.327676930232631669e+00,-1.060129832701731667e-01,-1.050937116871559551e+00,-4.716368961705005303e-01,5.711287405468414846e-01,7.959449874043746931e-01,6.556555767458368544e-01,2.680921088758471404e-02,5.150254559891049855e-01,2.395957438497807956e+00,6.291134687104674716e-01,-1.230892327876198289e+00,1.117916937170903680e+00,-3.917649478804550722e-01,5.565801777963663710e-01,-1.797510353392888782e-01,-3.093386432199374259e-01,1.430701396915450951e+00,1.224613470601262216e-04,-1.099619143947058175e+00,9.850457656486230618e-02,5.435670527573116528e-01,-7.834927855266896612e-01,4.897767744831557080e-01,6.289193777430808208e-01,1.007634513487312367e+00,1.330925505571944223e+00,2.340503970434698600e-01,-5.544777577658595025e-01,1.679925533322877751e+00,8.173359498869942064e-01,1.953111261128174236e+00,4.505943123239467551e-01,1.209973609241950854e+00,-5.795658608252806515e-02,2.546084456228618342e-01,-6.832680152186189071e-01,4.393819183276403417e-01,-1.543559935667357941e+00,7.436718013966212570e-01,1.439508018254233690e+00,2.200583377413528052e-01,-5.928251577919646520e-01,3.784343853199864105e-01,4.304046405888038995e-01,-7.519985617874931361e-01,2.089983453608605046e+00,8.646230598296487102e-01,1.297597037622279625e+00,-7.346003606704949451e-01,-1.441201125717466835e+00,1.444134769268864860e+00,5.818386770803853913e-01,3.915445664454752506e-01,6.743774542033276198e-01,-3.774809582326381641e-01,1.991855567288807471e-01,5.676552748703878049e-01,-8.439747879347441195e-01,3.757300596813850646e-02,1.021178409940112219e+00,5.550599652682739471e-01,2.478922320269281443e-01,1.943506851428321025e-01,1.914769468323860024e-01,-4.216806778089214891e-01,-9.837386400198024905e-01,-3.371171480314407720e-01,1.179965237445922549e-01,-8.505426860058732386e-01,-6.641352370749191714e-01,1.597902953416577176e+00,-8.947052593622979444e-01,2.070125708903451489e+00,2.967594729160190514e+00,1.086725812790454215e+00,1.474711132298386795e+00,6.140976931537824868e-01,-2.707672187825310162e-01,1.885149292980039561e-03,-1.902180604767866878e-01,7.261033971696191358e-01,-2.481258600722729690e-01,1.101714485914061292e+00,-4.446822902109621722e-01,-2.896549058061478332e-01,2.844643031361722696e-01,5.858203047771044780e-02,1.182076348353101602e+00,-2.325882521148564253e-01,1.391096672582949223e+00,-1.056043956327994277e-01,-1.257118352807788497e+00,1.765212929391775321e+00,-9.019337220467597005e-01,5.706672169073319090e-01,-7.758988505682968828e-01,1.641107819846826299e+00,3.419723902404764315e-01,1.003700185620979290e+00,-2.626641125262330956e+00,5.853847515147112546e-01,2.034562226226906301e+00,-1.512099573685596055e-01,6.232601561280226576e-01,-1.279987864611519255e-01,-1.105103881446380720e+00,1.400138167083123664e-01,1.357971445746550598e+00,1.248950398528445360e+00,7.556859201967021100e-01,8.453844114625885808e-01,8.851486364751769420e-01,1.026950425225004598e-01,-8.721521397757022731e-01,1.184821993033627896e+00,-2.906397115707146095e-01,3.655124274811689666e-01,-1.780379488486456829e-01,-5.262555134648829597e-02,-1.934727375885035849e-01,-3.387346061320416490e-01,-3.216622970959770456e-01,-6.109190532686925579e-01,-1.997119664671107020e-02,3.562292583495755283e-01,-4.457357507779746708e-01,1.206857761128028006e+00,3.804490542858570135e-01,-2.109059936981437511e-01,2.083927186585604385e+00,2.908774925530646649e-01,-5.829332703366477478e-03,1.714090364708780623e+00,6.133642188647229210e-01,-8.117533834335978193e-01,5.833295618771667801e-01,6.806934343536218401e-01,-3.452389890385886839e-01,-5.480219318305401544e-01,6.713990427600488031e-01,1.254160098964530068e+00,9.986864571049167139e-02,-1.132931919723522210e-02,2.118516866873798588e-01,-4.582195616176455988e-01,-1.231642771311333151e+00,1.238648451597672423e-01,-5.075395632418411296e-01,-4.999600189719299870e-01,2.024337687947158071e-01,-4.600001702274389426e-01,6.391748612401172425e-01,-2.309447988285091569e+00,-7.182239582049015914e-01,1.023791120041277480e+00,1.490622584857353439e-01,1.346676755593724018e+00,-7.313629540584956623e-02,-7.509407272073327366e-01,8.919572828239857865e-01,1.559271833618995018e+00,4.376073738775945188e-01,-5.365293640225232696e-01,9.563624011728847352e-01,5.291147001774363368e-01,1.719541965137286188e-01,-4.624500293442391219e-01,1.151846578199206217e+00,3.313654802688354994e-01,-1.200828983348682266e+00,-9.822462274695621665e-02,-3.445277238761657035e-01,-3.623379134679911573e-01,1.247043208570588063e-01,-1.207865819388083795e+00,-3.310341879308942858e-01,-7.813006407985834123e-01,7.234229878571252215e-03,7.590391938533537219e-01,-9.358622449336253535e-01,1.932237525227064934e+00,9.967734881733580909e-01,1.059089348208960280e+00,-1.431333548818233936e+00,3.363561854636517801e+00,1.538307215239441472e+00,4.049088671268014750e+00
5.249732560594401187e-01,6.873956160881796729e-01,-8.378835005459445151e-01,1.806692640187245458e-01,-7.388248437880544639e-01,-7.643128805683275795e-01,8.777399502645472085e-01,3.277566147452148915e-01,7.839020747374523257e-01,1.378194563838806008e+00,-1.062137549038882356e-01,-1.030992493745128247e+00,-4.717540492965376919e-01,5.418179127851493471e-01,8.760819729312574466e-01,6.615562173693116943e-01,2.700756490843913074e-02,5.302582698676108208e-01,2.391751003038824042e+00,6.170641071401086197e-01,-1.230407633176174631e+00,1.145086747150193762e+00,-3.577149242703563936e-01,5.651009177667231098e-01,-2.170286150907793088e-01,-2.962296021763694553e-01,1.450278864094072251e+00,-9.467446367102801130e-02,-1.136826647952761560e+00,1.342681936122073760e-01,5.837296581739972456e-01,-7.563851009880665499e-01,5.152543810359235810e-01,6.327275807907444261e-01,9.621699045487512869e-01,1.330751984770571328e+00,2.198401349716447017e-01,-5.478835676476973005e-01,1.697574635199656345e+00,8.301619242879879623e-01,1.936319687557038094e+00,4.177178616326729932e-01,1.207557329792388057e+00,-4.298737453795887370e-02,2.505287158120039770e-01,-7.026015330151317295e-01,4.799195566894349785e-01,-1.631082062382961606e+00,7.486423796295539335e-01,1.422020890245922820e+00,1.984229328083611243e-01,-5.982529625437278398e-01,3.886077753160503967e-01,4.338880079766415654e-01,-7.489002875509778168e-01,2.102929090107329646e+00,8.033276219285557795e-01,1.296020689654046931e+00,-7.388370291550513391e-01,-1.406291679747679657e+00,1.455523245990018477e+00,5.799166037564006393e-01,3.841707079387502444e-01,6.774544075144569577e-01,-3.761596264438519799e-01,1.423656934211304792e-01,5.655077139049909940e-01,-8.361371028166082464e-01,3.885209062533540036e-02,9.542400071633101444e-01,5.567994995619701681e-01,2.515833910512787486e-01,1.983673510684855756e-01,1.870963167456576315e-01,-4.166254720924023047e-01,-9.660884274790828563e-01,-3.258397257741652564e-01,9.731335003501866143e-02,-8.535679005181290302e-01,-6.319784117508588928e-01,1.598222295355545164e+00,-8.865220861324921708e-01,2.079536581978442822e+00,2.990152541880802595e+00,1.175738209128571299e+00,1.473987472211374605e+00,6.437438902934998763e-01,-2.779542273046121115e-01,-2.425129596512039937e-02,-2.179759200182620205e-01,7.048474812598918282e-01,-2.617170150358474334e-01,1.096081304958067326e+00,-4.592924227013602811e-01,-2.975487762085491927e-01,2.124073744347073911e-01,9.076457657703498882e-03,-1.385350611251529029e-01,-2.264913113240326348e-01,1.387547451351708538e+00,-9.675491952652895411e-02,-1.093760534661268657e+00,1.765773227644412025e+00,-9.098372456764026728e-01,5.892196924087471643e-01,-8.172148439424229416e-01,1.625925787246193410e+00,3.187845860852567825e-01,1.016103352902158585e+00,-2.650284182141421141e+00,5.839078361832257258e-01,2.044157031734615604e+00,-1.490388347766325172e-01,6.029286616172642166e-01,-1.913553275763982264e-01,-1.091575692006173881e+00,1.083559749417045831e-01,1.386645089005851039e+00,1.246719694295840508e+00,7.721066677802450595e-01,7.842273857570428719e-01,8.768124713535745407e-01,8.745671255375823960e-02,-8.679640102073958863e-01,1.208206737088887817e+00,-2.933517140478925089e-01,3.564085827356469616e-01,-1.835184146060311883e-01,-5.305541940454043537e-02,-1.645814046398305641e-01,-3.782775852489153601e-01,-3.340582636611634793e-01,-5.533664290219387771e-01,1.520111298107327744e-02,4.480535580222828607e-01,-4.590101958259014681e-01,1.247231750901938829e+00,3.780634561929516746e-01,-2.160913076841172731e-01,2.088483013463355853e+00,3.257958211304717300e-01,-4.619115346417622912e-03,1.682614027848133853e+00,5.267868497420976626e-01,-7.953111916748167864e-01,5.338235425596179473e-01,6.677461117059977358e-01,-3.390091144605520967e-01,-5.388835279913193332e-01,6.895851322914928749e-01,1.323168170175774039e+00,9.379658800139850650e-02,7.055653403986522632e-02,2.206065357620655698e-01,-4.874502266351183888e-01,-1.236981105526437474e+00,1.112807263405573288e-01,-5.043166537411546413e-01,-5.053141514607287776e-01,2.062021850239277310e-01,-4.129028388926722637e-01,6.170096751414249070e-01,-2.302014847099605799e+00,-7.179456410421602985e-01,1.019590159438890975e+00,7.043569745098392232e-02,-4.533684118803532059e-01,-2.541841473411420374e-02,-7.428380813911946712e-01,8.361541834961875308e-01,1.570605247298500151e+00,5.456221145196059608e-01,-5.625565800998698629e-01,9.423601039566673609e-01,6.201294268091480655e-01,1.707264754537203555e-01,-4.635397682093524430e-01,1.150762262248710366e+00,3.296320880302264777e-01,-1.137708477911919314e+00,-7.148363364512620721e-02,-3.353922317510341089e-01,-2.918229695710214400e-01,1.300427584215795851e-01,-1.189158387404359418e+00,-2.711966581993371372e-01,-7.773392132348959649e-01,1.377204165705306869e-02,6.784712307142086729e-01,-9.032688255133565214e-01,1.925230453185182267e+00,1.024049890145107611e+00,1.090397424482133504e+00,-1.415162570846143053e+00,3.342870988515199482e+00,1.555911179207174921e+00,4.060701852860432837e+00
5.586746382874421268e-01,6.549137172512693450e-01,-8.265220976535349040e-01,2.037267226058361858e-01,5.877581847817417993e-01,-8.073746827419339134e-01,8.491776897723883888e-01,3.112017440279002956e-01,7.342380161027622920e-01,1.368723760033285330e+00,-1.162050133567698457e-01,-9.713078792979598086e-01,-3.892890028152219961e-01,5.372743990885499032e-01,7.932671166471826352e-01,6.407346258803311434e-01,4.133496634325049823e-02,6.060450922253910466e-01,2.390073042130986369e+00,6.452266437761101647e-01,-1.237292387476145228e+00,1.151261379406885776e+00,-4.125102842408047144e-01,5.689509679865675240e-01,-2.074396877178099341e-01,-2.761725349895249315e-01,1.428058915650920024e+00,-7.898327252270428978e-02,-1.159504268764923740e+00,9.773324361099063051e-02,5.178608622321838606e-01,-7.591731739453565497e-01,4.900927611307230869e-01,6.147214025850036290e-01,9.717483350972547784e-01,1.329937967076196825e+00,2.113526929391042752e-01,-5.272699865698228239e-01,1.689032100151478755e+00,7.979328703430287328e-01,2.004411041803047855e+00,4.853344173677874296e-01,1.222857191057697968e+00,-6.503433630084598516e-02,2.409933117411789949e-01,-6.741477419281549643e-01,4.595799301737125697e-01,-1.635859162089513763e+00,7.340154252074408969e-01,1.400227544831612381e+00,2.092308292054554930e-01,-6.285374729066595112e-01,3.635000429122388077e-01,4.141255616896938885e-01,-7.451414362624991794e-01,2.089382046666835357e+00,8.452165741626143092e-01,1.330720071138046912e+00,-6.716887038541633492e-01,-1.449551746073112879e+00,1.468941922476666440e+00,5.624730617435584890e-01,4.119337252761463564e-01,6.883501636354922848e-01,-3.743260403700686689e-01,1.490546077930438029e-01,6.153923042167563917e-01,-8.568372083749573598e-01,1.456289051871874698e-02,9.616994533543309354e-01,5.062570172990609185e-01,2.397891114624888520e-01,1.783474846959997306e-01,1.857524568310299773e-01,-4.070740957030813401e-01,-9.614439842784520129e-01,-3.516599369722162582e-01,1.136774618354612354e-01,-8.460788405532968515e-01,-6.485082025095578739e-01,1.624067617708791822e+00,-8.452277477691441110e-01,2.054144051581475505e+00,2.998420899896743208e+00,1.115201272282065448e+00,1.476325286168828965e+00,6.505938471050471961e-01,-3.056932472440557769e-01,-1.374488196891716224e-02,-1.994873025635006680e-01,7.197159288077367156e-01,-2.088541101970695923e-01,1.082335489295696451e+00,-4.866652809341899810e-01,-2.270148342747025927e-01,2.860191439561164395e-01,2.296082876436463666e-02,-1.413912195011997053e-01,-2.181862090612819716e-01,1.364659055148123246e+00,-9.877307928423983974e-02,-1.115684411819029664e+00,1.758043107537050398e+00,-9.570025435976535766e-01,5.786015104432529199e-01,-7.790794648994169291e-01,1.690304437897886425e+00,3.029391849461638975e-01,1.024183326209268552e+00,-2.641222843753264105e+00,6.411967009398451545e-01,2.029963936004320679e+00,-9.619520944167432586e-02,6.038026612431542928e-01,-1.640131238045778039e-01,-1.074983494833364306e+00,1.178624104309995285e-01,1.344796176335252280e+00,1.254602510463723286e+00,7.358040628778735881e-01,7.905887874894027556e-01,8.042634876096629304e-01,1.171417809192509957e-01,-7.940378478742092794e-01,1.176656224393807681e+00,-3.005251684342955532e-01,3.736988557905067121e-01,-1.410883226391444756e-01,-3.521235664179290376e-02,-2.074350770596786186e-01,-3.222686024931271653e-01,-3.560373745636876697e-01,-5.570180754566939063e-01,4.779706807486475140e-02,3.555038753169383892e-01,-4.423827692178589066e-01,1.254624158136608214e+00,3.783382472336275781e-01,-2.066869893138466030e-01,2.115481041944340390e+00,3.215567600594437248e-01,3.121622709366032866e-02,1.777063708709691880e+00,5.669515536288676216e-01,-7.999685624085729474e-01,4.982136647954891195e-01,6.057551392747249075e-01,-3.712877003414363775e-01,-4.884833390781438411e-01,7.173573173805108949e-01,1.300168493584922036e+00,1.033605899147496537e-01,8.775706051347727243e-02,2.210177888101633181e-01,-4.741725029527766311e-01,-1.256597780515775309e+00,1.187020184404001949e-01,-5.002520799501332105e-01,-5.269563654864641844e-01,2.049103623170094313e-01,-4.807251310212821149e-01,6.247446665571969593e-01,-2.274262460505658723e+00,-7.279327688293357745e-01,1.033127073157839249e+00,1.290782078391551346e-01,1.375926149862536585e+00,-6.945972988264235981e-02,-7.519107502742911064e-01,8.242529028410270353e-01,1.566598351671481426e+00,4.819235297583931987e-01,-5.274402166164199324e-01,9.682446366555907957e-01,6.327642773248101093e-01,1.678662822239267438e-01,-5.310736716246161615e-01,1.158316465509769966e+00,3.403669883903951421e-01,-1.192075471354725469e+00,-8.270751282927359116e-02,-3.910146013762025863e-01,-3.320192327866215432e-01,8.663717904553268345e-02,-1.221623615693111287e+00,-3.063357961678175867e-01,-7.905278630756442659e-01,7.091991150798757082e-02,7.663487334769311099e-01,-8.974477291447450211e-01,1.922931467222544599e+00,9.528526457817724227e-01,1.060756449172717719e+00,-1.427018927187559072e+00,3.381563002059876144e+00,1.537058492862642511e+00,4.222296619210254676e+00
5.648919115561255033e-01,6.906892687399942554e-01,-8.316852503213053582e-01,2.107418208730884035e-01,5.925719222972459788e-01,-7.917612088834663497e-01,8.515922811173161078e-01,4.635549848615510560e-01,7.333858341381813695e-01,1.362334263730263118e+00,-1.256659654118933989e-01,-1.012966022508953401e+00,-4.365674860200225438e-01,5.627906713384470683e-01,7.940470791475250367e-01,6.478261594638968779e-01,3.726692056623880089e-02,6.066182002051208055e-01,2.394715323434621457e+00,6.642741927996760332e-01,-1.288416746383942213e+00,1.130509275291085247e+00,-4.132971664549302537e-01,5.426813045835421345e-01,-2.144383437266252357e-01,-4.018773048483686994e-01,1.399810875868123361e+00,-8.384676337835245130e-02,-1.112400918630697122e+00,9.715780919752171896e-02,5.135233912838382819e-01,-7.698872245713890283e-01,5.235632244631976961e-01,6.257895347298145783e-01,1.019608660825291668e+00,1.297545823261257780e+00,2.268413476915492610e-01,-5.428745176618101631e-01,1.689905331946815803e+00,8.002027843075985025e-01,1.927716921331726230e+00,4.574537139310572709e-01,1.214022563238742247e+00,-7.091809292952655497e-02,2.452638394875298333e-01,-7.000796162688268653e-01,4.484997766303798761e-01,-1.672470392343941015e+00,7.125752144712244052e-01,1.393229085310455195e+00,2.223807488436457258e-01,-5.564819542038449418e-01,4.017602060164357503e-01,4.075234093315805439e-01,-7.170658685042491376e-01,2.091367998965544039e+00,8.518251094718588545e-01,1.308621836902548186e+00,-7.389782951264926014e-01,-1.452237415679183963e+00,1.471076458263866904e+00,5.618208079447216674e-01,3.712357510512571124e-01,6.548676087822302705e-01,-3.986334789209283191e-01,1.246673100836793030e-01,4.615237080901374300e-01,-8.318346361509489917e-01,8.443195843944591855e-03,9.526501685630329730e-01,5.404007706601815508e-01,2.548159374774733865e-01,2.053885015056472196e-01,2.310179362520459745e-01,-4.125475596230587794e-01,-9.570333156279433595e-01,-3.244194527276813567e-01,5.933749659932585629e-02,-8.519703603945295578e-01,-6.487987081942860890e-01,1.600041372620399027e+00,-8.412025212714947520e-01,2.048240449592172219e+00,3.015984902284194913e+00,1.117881973066752410e+00,1.464680122570310550e+00,6.340265810183509654e-01,-2.751248481643550625e-01,-3.079172455912280396e-03,-1.899385514603501302e-01,7.482947671481100516e-01,-2.150117452839506171e-01,1.086839092074705304e+00,-4.962194030737346329e-01,-2.375636675382705454e-01,2.858867024614695773e-01,2.471833781030696731e-02,1.133184569603888692e+00,-2.210441247971894896e-01,1.358170122837477845e+00,-1.121138155227380390e-01,-1.121279280755991037e+00,1.756967796226895695e+00,-9.552543184953191657e-01,5.712230465610704799e-01,-7.911421393837337890e-01,1.682928098859612476e+00,3.478677817361683910e-01,9.983282102491934928e-01,-2.552953050474997543e+00,6.407471063593960237e-01,2.033347258980469530e+00,-1.608630086499833467e-01,5.860366631811710914e-01,-1.727166247998936921e-01,-1.094390662593673680e+00,1.115533252465475134e-01,1.354179786536294783e+00,1.262644156207526347e+00,7.668910690451615775e-01,8.411728767717969735e-01,8.054834748416345169e-01,1.175300252021773129e-01,-8.124637378098091833e-01,1.196286779216080953e+00,-3.261642678887499702e-01,3.327802661145911056e-01,-2.327861623386187073e-01,-3.997940724157415110e-02,-2.386782027994485966e-01,-3.745880662844482956e-01,-3.331778241021459142e-01,-5.301550155942983400e-01,4.635185400378722537e-02,4.496608629794211498e-01,-4.626364472478807777e-01,1.254275236730386212e+00,3.545025477863905095e-01,-2.209893524991725922e-01,2.120821152392281306e+00,2.989532542187479658e-01,-2.603758739698704139e-02,1.771073022124120877e+00,5.872450516437479617e-01,-7.889307701595793532e-01,5.201490131944601636e-01,6.794148147131986448e-01,-3.830014964851031767e-01,-4.931800391345901313e-01,6.970393538245560627e-01,1.231905432936125200e+00,1.011944419007975993e-01,5.684268136547970113e-02,2.187987505107302222e-01,-4.614873017437511882e-01,-1.194785780925046170e+00,1.366049445311521005e-01,-4.322912231497140767e-01,-5.298706409155340413e-01,2.402701394152475245e-01,-4.848682704059778525e-01,6.254744873924660276e-01,-2.259619451625577646e+00,-7.229464694429117433e-01,1.035411195841025478e+00,1.271673084557514433e-01,1.384159807476869064e+00,-5.409046243858742220e-02,-7.489843942675908917e-01,8.170399901010962918e-01,1.572584969842670155e+00,5.333235683003115790e-01,-5.374469933131230670e-01,9.437807668114135407e-01,6.475841420456339703e-01,1.668392466725134859e-01,-5.133474722882717112e-01,1.111120299964218683e+00,3.172292156899961801e-01,-1.198324627681830679e+00,-8.555553353717705589e-02,-3.538884925970023354e-01,-3.061375354808210103e-01,1.086211291881544472e-01,-1.215174917656416831e+00,-3.094534019448461626e-01,-7.866220680040096891e-01,2.936398337649893941e-02,7.426647379302303564e-01,-9.140020301028350946e-01,1.911027020233032170e+00,9.921372197483039335e-01,1.062454495872916072e+00,-1.437178899661683218e+00,3.363319652198735188e+00,1.551973167309798507e+00,4.253093341641733360e+00
5.526143349933744231e-01,6.551283672945802383e-01,-7.973059413624709046e-01,1.720449835410197970e-01,-7.522136389673128587e-01,-7.904462340293425537e-01,8.823752279206772409e-01,4.521582225803911226e-01,7.881253167394576264e-01,1.321122169906383759e+00,-1.133484324532181980e-01,-9.984474221787127401e-01,-3.955133614357720928e-01,5.803386552035474377e-01,8.002495061327830062e-01,6.855175722540851613e-01,3.560770696349220554e-02,5.526037017042679800e-01,2.387847936344045241e+00,6.300375204676185170e-01,-1.237390478749416989e+00,1.135636589987722100e+00,-3.903039018079726974e-01,5.632441844447501067e-01,-1.858231318315688996e-01,-3.930856803569817148e-01,1.438040049747186355e+00,-1.148919217388220081e-02,-1.104884971574112917e+00,7.688122506631582531e-02,5.376420585071133296e-01,-7.777266606215659239e-01,5.307093890328875574e-01,6.624006236874253606e-01,9.760097112026347999e-01,1.297158188654633726e+00,2.347533879144318991e-01,-4.965966861837224910e-01,1.714822973955518304e+00,8.135695384215582138e-01,1.927012700252962452e+00,4.572755051424542971e-01,1.239984456585728978e+00,-3.335909188188621033e-02,2.661602373990957782e-01,-6.768985640781566282e-01,4.887462127379145760e-01,-1.659659985216812350e+00,7.218181037618297546e-01,1.385494115958384898e+00,1.842327972029747796e-01,-5.813565446467984232e-01,3.482175554542655260e-01,4.124833596590605778e-01,-7.416618117371925889e-01,2.061951983992952098e+00,8.240879459779149041e-01,1.313359594068551628e+00,-7.292144359402629172e-01,-1.409763752708749651e+00,1.303205661938264592e+00,5.670092760608037574e-01,4.217618345464599350e-01,6.844339796097832496e-01,-3.794620823174965629e-01,1.559831061565943311e-01,5.764163654785129376e-01,-8.663626872747453023e-01,-3.312154078304223228e-03,9.522905155303714730e-01,4.881524093443541101e-01,2.461392129320518762e-01,2.113927072709628485e-01,2.144574285894842169e-01,-4.131668351649155912e-01,-9.220077093482512698e-01,-3.338618612417535991e-01,6.598834766806442598e-02,-8.485326693393793196e-01,-6.518924972874575730e-01,1.611772981369188118e+00,-8.942904439607136657e-01,2.071416135014014781e+00,3.001817042432163518e+00,1.136247960442985150e+00,1.462057257441351510e+00,5.806504330946148373e-01,-3.043649280427633275e-01,1.090345141841781058e-02,-1.713461605745993932e-01,7.312637077184808154e-01,-2.251463434977154787e-01,1.074656968848758165e+00,-4.372444925391049675e-01,-2.865442324874337698e-01,2.217454020654001656e-01,1.519841419879937663e-02,-1.393564969310560064e-01,-1.889504076433036750e-01,1.370656007862050441e+00,-1.313348322532049139e-01,-1.116487664741254937e+00,1.769409540904832712e+00,-9.161315576772268710e-01,5.721158370077785715e-01,-7.908085643949076537e-01,1.638303546219410434e+00,3.667842246647834425e-01,9.857141640359574630e-01,-2.584021721167312435e+00,6.177743300141979033e-01,2.037870773818305725e+00,-9.570913135394654159e-02,5.573397397892319027e-01,-1.369064849700591391e-01,-1.130993464816214988e+00,1.126395946494181677e-01,1.349772826893294475e+00,1.252701585461333700e+00,7.370553152312931955e-01,8.392703675324123536e-01,8.175341552793404798e-01,1.158784479698721226e-01,-8.762112961444102899e-01,1.190340234376802142e+00,-3.120578179907227967e-01,3.399303314965268497e-01,-1.784364980823206215e-01,-1.580905806309589913e-03,-1.880123607525384100e-01,-3.134644516580616380e-01,-3.203233073428534694e-01,-5.528808844482121510e-01,7.220259627454360396e-02,3.590237795682724720e-01,-4.471827727630626748e-01,1.247638216195303018e+00,3.490979592553649646e-01,-2.194906521324053728e-01,2.111311085642681551e+00,3.161590095615325890e-01,4.304180663961820752e-02,1.744060035620663696e+00,5.850391812136919167e-01,-7.913406982291281144e-01,5.888393262171038867e-01,6.823038140914344796e-01,-3.259333360155970971e-01,-5.024627273106808678e-01,7.248647048581599028e-01,1.262147153648103259e+00,7.255653642974595197e-02,3.207519336942136340e-02,2.277847048344025516e-01,-4.517399957658362886e-01,-1.218955676320322201e+00,1.320991186329400491e-01,-5.118916604707738349e-01,-5.112099419574521741e-01,2.071746780601859406e-01,-5.045123951811661955e-01,6.291815941336281748e-01,-2.240416620171824302e+00,-7.121262559674313986e-01,1.026384698620835367e+00,1.392892410737966991e-01,-4.586310214280823749e-01,-3.260441154847582013e-02,-7.564278759643338068e-01,8.977292261726559364e-01,1.586045564852149203e+00,5.024162431360460479e-01,-5.020960507108860327e-01,9.486583338144353172e-01,5.730968911706967317e-01,1.610459360129952444e-01,-5.288823966872547855e-01,1.132839661133296261e+00,3.626802768063860372e-01,-1.185058646614686850e+00,-8.069168531515653886e-02,-3.251843452139711599e-01,-2.961381093541607390e-01,7.288763542965392972e-02,-1.218108141296755820e+00,-2.937855681836732402e-01,-7.677227379278183106e-01,5.654218060059358619e-02,7.527161788031379031e-01,-9.255910310436600286e-01,1.961734607584971535e+00,9.540421574015270911e-01,1.041744121548868307e+00,-1.478572367883638439e+00,3.309217987045632636e+00,1.502794310743971851e+00,4.551312221685356540e+00
5.553094388438823970e-01,7.180711449190623208e-01,-8.194399369129148347e-01,1.744692124302658354e-01,-6.837521044327005137e-01,-8.112620074565168871e-01,8.549000891141517178e-01,3.622972032951009003e-01,7.604117522086413228e-01,1.384551657521639667e+00,-1.324191006956662864e-01,-1.014363252464253851e+00,-4.369465992453127057e-01,5.839731818386174611e-01,8.074140592302370134e-01,6.391963778410058028e-01,5.843315594157837828e-02,6.126203211505072410e-01,2.366384239383605870e+00,6.386094021437817014e-01,-1.261676380962681643e+00,1.141675561081211709e+00,-4.339086576317966459e-01,5.342190800734698541e-01,-2.261748615276779339e-01,-3.912591853897340877e-01,1.389474682893264923e+00,-2.485591398739695271e-02,-1.128261816448385302e+00,9.010701827093131611e-02,5.514052208852403547e-01,-7.779242398595674901e-01,5.052161307116862510e-01,6.009060350026192987e-01,1.025234606541554072e+00,1.296305600397414048e+00,2.075554833767081220e-01,-5.258496302309285664e-01,1.725056922234710743e+00,8.089353516149397905e-01,1.969380947930869485e+00,4.616071233995200362e-01,1.189584220833186379e+00,-6.753938877283986036e-03,2.448090115553570589e-01,-7.585027337277761017e-01,4.767152540107080783e-01,-1.670888240781176259e+00,7.106438630331458617e-01,1.439551958951233113e+00,2.064004135702088016e-01,-6.098199848390053468e-01,3.904499725391179510e-01,3.997620857507461767e-01,-7.526545662278117943e-01,2.084040241964062457e+00,8.172359657547013656e-01,1.312737394645363320e+00,-6.955640335595075774e-01,-1.431164690284132179e+00,1.454488480573985720e+00,5.525732092148326613e-01,4.045762963365714393e-01,6.693328648119347690e-01,-3.789255901681405914e-01,1.590470422837015618e-01,6.222261139069826807e-01,-8.405936767302553125e-01,-6.605445965499563699e-03,9.965881029232497301e-01,5.303670371211880452e-01,2.256828066797423038e-01,1.920914786963126564e-01,2.031579331784980347e-01,-4.164856131661621164e-01,-9.120837628027828048e-01,-3.331843331395699659e-01,4.898391910622697937e-02,-8.402264243174530911e-01,-6.249339353150319409e-01,1.602051762290947812e+00,-9.085348831840680539e-01,2.667918327264278133e+00,2.992091045942914196e+00,1.128766138341712022e+00,1.366642158972486198e+00,5.946528808121853693e-01,-2.760647076570430514e-01,-2.949106280659882437e-02,-1.896650014966607123e-01,7.395774210279415506e-01,-2.068548213936775015e-01,1.094754039507052745e+00,-4.235830170956405016e-01,-3.109284409810595950e-01,2.947918557540486484e-01,3.162232974727394175e-02,1.168441582119762678e+00,-2.153008288794570901e-01,1.386746053129708667e+00,-8.110131837001857691e-02,-1.108712817017144525e+00,1.752548326694720826e+00,-9.308889988533289861e-01,5.734856136354222755e-01,-7.989387138900717611e-01,1.663609279575579247e+00,3.631571594217206100e-01,9.848868768803658025e-01,-2.615014599719010846e+00,6.033138232319386063e-01,2.060175903485360394e+00,-9.882148753062755531e-02,6.257392208812149192e-01,-1.203261133578442943e-01,-1.104480359897097808e+00,9.783051449676566369e-02,1.364289862826910227e+00,1.253392933972431678e+00,7.713461386357012284e-01,8.566611713920470050e-01,9.032431294024976243e-01,8.507315102730669820e-02,-7.827565474838438231e-01,1.183832638288157657e+00,-3.135390570087100981e-01,2.905821984734682228e-01,-1.901558562345095904e-01,-3.831416612571470620e-02,-1.682774483733572024e-01,-3.283991015238347244e-01,-3.553830710959810513e-01,-5.829299027531432698e-01,5.896261315106354067e-02,4.413623793581277210e-01,-4.605691344500981166e-01,1.256391367914543311e+00,3.494970311436642052e-01,-1.967720820664831949e-01,2.146405412463946227e+00,3.186631130159868208e-01,-3.191523031302887642e-02,1.738362406252843329e+00,5.665380387253204919e-01,-7.981083417974026428e-01,5.155719441627641952e-01,6.857917028292151995e-01,-4.584071179839441790e-01,-5.217628791740018812e-01,7.018478895706504739e-01,1.280491512640571816e+00,1.257389969036961652e-01,8.609879157510594294e-02,2.170171503154568748e-01,-4.291043019408747883e-01,-1.163956796800195370e+00,1.438471587065511814e-01,-4.922473210224728168e-01,-5.087381490225006964e-01,2.506788614952313310e-01,-4.824376716371439056e-01,6.625572728490505270e-01,-2.262030988034552159e+00,-7.050910825787741754e-01,1.037388276853125735e+00,1.057360729508446257e-01,1.370730561381487522e+00,-3.094221363181963447e-02,-7.698020022963335540e-01,8.462277683168546449e-01,1.564503055623014838e+00,5.132608994737332120e-01,-5.337445139640936143e-01,9.208841737826702900e-01,5.557740898333621837e-01,1.619651212653439865e-01,-4.922490416501796862e-01,1.139985788908271624e+00,3.695510335299860838e-01,-1.111294241435112795e+00,-8.890511561736483270e-02,-3.403818656910943541e-01,-3.272012884521650067e-01,8.811992681408092887e-02,-1.159667621621510936e+00,-2.783865220616104086e-01,-7.782562499945897549e-01,6.990470916201969864e-02,7.482346116157581051e-01,-9.092625676784291677e-01,1.914621450045487450e+00,9.927397030879437922e-01,1.070570882308830019e+00,-1.459660202751684732e+00,3.312771935724862171e+00,1.541296272556961888e+00,4.616553826912079828e+00
5.800804922539699593e-01,6.899572352762242122e-01,-8.514432944298939709e-01,2.117948484175611323e-01,-7.596963092982870203e-01,-7.905069172191219184e-01,8.451896143704653586e-01,4.566298732455628673e-01,7.295584695613600568e-01,1.361779385536437070e+00,-1.429522190130471104e-01,-1.040774895694111857e+00,-4.483661994657067162e-01,5.633111451824543980e-01,7.872431721941861582e-01,6.346947378656506711e-01,5.188486832645889529e-02,5.425091652572135992e-01,2.366990046837251782e+00,6.465000399422490274e-01,-1.265615964428945084e+00,1.128360026536693761e+00,-4.168598329933491664e-01,5.529035116654933413e-01,-1.958072976308469770e-01,-4.022263863279345597e-01,1.420410845879148232e+00,-1.089487324628550524e-01,-1.113094975868763825e+00,8.100095152533907938e-02,5.685837902303740865e-01,-7.649489753263055691e-01,4.968570509848115324e-01,6.043746034842388815e-01,1.001375770340641846e+00,1.315190963961099913e+00,2.607903794483164006e-01,-5.822049235354517238e-01,1.710295850754647962e+00,8.357058204257296063e-01,1.926283864998905360e+00,4.890567794599265383e-01,1.215841762568396156e+00,-4.882866900848099878e-02,3.013269362034153853e-01,-6.680419648543456379e-01,4.535461346809696037e-01,-1.620314008443326736e+00,7.199597003404381024e-01,1.409335902244987393e+00,2.307714035431570332e-01,-6.316068773451308793e-01,3.019835404978458704e-01,4.339135488123819773e-01,-7.231881889415445741e-01,2.095204278816542587e+00,8.304013867530614101e-01,1.313460885710071135e+00,-7.320566306172496818e-01,-1.419851547937244218e+00,1.469046624880393725e+00,5.649953277929181672e-01,3.710022054837485705e-01,6.504454604154786823e-01,-3.709754914901802203e-01,1.308733779132576214e-01,4.515028804709087518e-01,-8.399553257894266656e-01,-4.769207430243321139e-02,9.630108637627832202e-01,5.060782029896069290e-01,2.363792194576994632e-01,1.926184636377733517e-01,1.907295856326789441e-01,-4.062605585727688817e-01,-8.996894666441968003e-01,-3.154320792337019230e-01,8.406124331865076627e-02,-8.535968942357096134e-01,-6.008496217133811879e-01,1.629218556903295312e+00,-8.402715750404312622e-01,2.673038421548216803e+00,2.989616563385688597e+00,1.083792249804365060e+00,1.462084430706830585e+00,6.010101077883465148e-01,-2.743776770428084100e-01,-1.720897093534476743e-02,-2.189586982096303758e-01,7.146282266777987946e-01,-3.243935564875465305e-01,1.088629750869978707e+00,-4.682928452608303704e-01,-2.463603284761622103e-01,3.027881871878720932e-01,2.664405604108287945e-02,-1.393849789251959403e-01,-1.938186554937116612e-01,1.364920528956566681e+00,-7.648025181301588982e-02,-1.112393925249183235e+00,1.752890377645052178e+00,-9.171546323462453909e-01,5.341897319397870270e-01,-7.884854120762179175e-01,1.639267783307938986e+00,2.834297974958779331e-01,1.000104723541477947e+00,-2.560606742972018512e+00,6.346685197003529844e-01,2.050815130844447332e+00,-9.753079591456520481e-02,5.804586427927131975e-01,-1.143195525473359314e-01,-1.109924070011747643e+00,1.419484426829325241e-01,1.331432557083346069e+00,1.250340572847994158e+00,7.791895303148149710e-01,7.812831322943858403e-01,8.562613751544558838e-01,1.183453449445077688e-01,-8.144868956924269376e-01,1.175344961613831840e+00,-2.896208331109456080e-01,3.601253420016743978e-01,-1.455693089109699467e-01,-1.767990711200023018e-02,-2.107537546280604801e-01,-3.262586672210543992e-01,-3.165689697545757686e-01,-5.613300375410987808e-01,4.618894929794672283e-02,4.357933373257023013e-01,-4.610003782965284569e-01,1.250826377415874102e+00,3.431073921260994197e-01,-2.241588688443882094e-01,2.123187151064103162e+00,3.081722312021239474e-01,3.664788618619240455e-03,1.728766496365813143e+00,5.557185431114332053e-01,-8.618901630040153306e-01,5.950829992470891838e-01,6.795841952543485442e-01,-3.307335969761140970e-01,-5.509126265231132358e-01,7.102294197788191488e-01,1.301040536185670060e+00,9.148540443296387936e-02,8.351746966402019690e-02,2.105585883680952120e-01,-4.654014846698274477e-01,-1.177983977862468778e+00,1.124660999799174943e-01,-4.850571626209934650e-01,-5.093303535028090856e-01,2.444313178336093573e-01,-4.740342099918420371e-01,6.218737261630241653e-01,-2.267143166074608640e+00,-7.330544836270515008e-01,1.037741245135423762e+00,1.169322762515418723e-01,-4.656357535852591045e-01,-5.750966970056435590e-02,-7.622826296430748050e-01,8.196260344770832651e-01,1.565821352319905602e+00,4.942006689441488243e-01,-5.300204953295850618e-01,9.509918609231210462e-01,6.209697837872667492e-01,1.701841524607527467e-01,-5.375004390388091746e-01,1.113719716998186282e+00,3.372878107861099761e-01,-1.115501225226564141e+00,-1.065992684689105047e-01,-3.532441769738373094e-01,-3.356507152468161115e-01,7.726557922560964298e-02,-1.229876697241259587e+00,-2.929046383584006930e-01,-7.784229432708847929e-01,6.320587359119744786e-02,6.928773470606638396e-01,-9.396664502046930822e-01,1.925484263750867120e+00,9.602097874750847861e-01,1.056783328419125700e+00,-1.405933080970268145e+00,3.391226820212542403e+00,1.546467610132582937e+00,4.617151993798467302e+00
5.447323163076048802e-01,6.965446168965799822e-01,-8.175677366194482598e-01,1.952148910438543106e-01,-6.966268436121171304e-01,-8.114294885797185275e-01,8.497335287439128360e-01,3.680418055440449199e-01,7.196755342506648834e-01,1.374244424549674326e+00,-1.318392350725981765e-01,-9.704157530345892679e-01,-4.322908933528530340e-01,6.123875099909797948e-01,8.700985132605321137e-01,6.510428270282718755e-01,5.424986062203415726e-02,6.080507879381926717e-01,2.328168383896384697e+00,6.205210941741360342e-01,-1.267541581684761054e+00,1.178991899858387926e+00,-4.122556301725704975e-01,5.261249522599216188e-01,-2.232199983824375289e-01,-4.018939927409395652e-01,1.373332855970069266e+00,-1.247990877413032579e-01,-1.099581071990139547e+00,7.721752161718740959e-02,5.619574939359642807e-01,-7.905114289906675085e-01,4.867020621799178492e-01,6.084153172768036466e-01,9.600976645642502749e-01,1.316745903008189167e+00,2.059898891243333030e-01,-5.247885738816233658e-01,1.714630537172010971e+00,7.939062910440993770e-01,1.965817402969984640e+00,4.676486083012850181e-01,1.221865789676782610e+00,-3.725984875996158491e-02,2.409886391917532844e-01,-7.536167788745851137e-01,4.781134073371966497e-01,-1.695383030981217454e+00,7.118133735066390910e-01,1.406378080176026613e+00,2.005065286248240986e-01,-6.281521934252183303e-01,4.053288193450043653e-01,4.339157691638357295e-01,-6.735267278845383787e-01,2.096099159906528175e+00,8.425306769040697974e-01,1.307573105666075541e+00,-7.142649543362714626e-01,-1.408012995246246790e+00,1.454543142447772830e+00,5.784918323665437789e-01,3.663756440253301272e-01,6.553754869863301913e-01,-3.781143157767108409e-01,1.584412481035968323e-01,5.615282037271769333e-01,-8.535448647053021087e-01,3.903028276454577339e-02,9.910379123597765627e-01,5.316407437803351010e-01,2.664617128287889991e-01,2.062327306700407759e-01,1.847683309464588919e-01,-4.218491013178257143e-01,-9.198873224697329265e-01,-3.408082226688941008e-01,4.205347058500717022e-02,-8.946357029201398303e-01,-6.519360716587779825e-01,1.606129139057232313e+00,-8.777885516675831834e-01,2.098039076842824535e+00,2.991228259212890261e+00,1.099318346872607099e+00,1.468271334928481275e+00,5.852758215941331610e-01,-2.668563884336543901e-01,7.870686272020322935e-03,-1.980852079067037808e-01,7.264546924943259265e-01,-2.137684288281949674e-01,1.097750729199050257e+00,-4.705989565966303689e-01,-3.164250245676031859e-01,2.020079480159774621e-01,2.814643773028210547e-02,1.195727443576612981e+00,-2.188040409753438387e-01,1.356225410417080335e+00,-7.720807194428185027e-02,-1.105074536923922546e+00,1.785417028821811636e+00,-8.998391139203970601e-01,5.664136496058017611e-01,-7.836165487340359670e-01,1.636273663993506489e+00,3.436980872790665886e-01,1.009654403854518767e+00,-2.613724589073973092e+00,6.258817693723349729e-01,2.036465482260561011e+00,-1.503171718400085621e-01,6.271592276812990585e-01,-1.715474512161572207e-01,-1.091917550342747845e+00,9.790317355733683946e-02,1.371262511627342473e+00,1.250178905339774493e+00,7.783193502608894976e-01,7.779559456194170552e-01,8.214114850102858245e-01,1.126997401935564830e-01,-7.628946359865591553e-01,1.186310865944324888e+00,-3.101635847940348301e-01,3.468394463276698314e-01,-2.167825431344230780e-01,-3.543292374991977717e-02,-1.830965501477537505e-01,-3.505371804268037628e-01,-3.368452876465766188e-01,-6.222487618073063720e-01,8.392608068378377972e-02,4.417981441563758604e-01,-4.424559211428524819e-01,1.273489654360923540e+00,3.596510472529997338e-01,-2.309288177123596242e-01,2.110682346110384522e+00,3.072369312327914437e-01,-2.649865774973918925e-02,1.718035543707571389e+00,5.704372188546044109e-01,-8.285221707588447115e-01,5.941580767651358785e-01,6.857065825348429566e-01,-3.276996338321449542e-01,-5.455814752230548903e-01,7.129651032213617512e-01,1.287475688074787961e+00,9.478268075808947424e-02,4.787065205116379507e-02,1.910476266892072728e-01,-4.330471732255078421e-01,-1.171405734190437142e+00,1.351104560590477288e-01,-4.970648851957696346e-01,-5.378679784951614362e-01,1.623365887092276250e-01,-4.776171357270238560e-01,6.071378819113318892e-01,-2.212396560379268795e+00,-7.359468273565696883e-01,1.032186234272052916e+00,1.390561886211122977e-01,1.388797138669784381e+00,-6.333863657055868734e-02,-8.021503377908187904e-01,8.896375518670740501e-01,1.577950187040954910e+00,4.837229784973205993e-01,-5.192347558229959414e-01,1.003915468051841398e+00,5.580304631045839292e-01,1.539758727994787746e-01,-5.186801356750068148e-01,1.159696443036091873e+00,3.234353599172891114e-01,-1.193173820855425893e+00,-6.834275198153659525e-02,-3.783914819887879699e-01,-3.169300412226381258e-01,7.612286038037353875e-02,-1.243529683224399829e+00,-2.864510921690077150e-01,-7.831938094868715616e-01,6.301379288923085464e-02,7.141567432083528733e-01,-9.073177019682339139e-01,1.936275678552586532e+00,9.985045647707134764e-01,1.059957890615098597e+00,-1.440448087941057720e+00,3.311310043278887338e+00,1.530657267347100392e+00,4.624796790098957722e+00
5.331967978954768039e-01,6.786352811711311439e-01,-8.374072303020132502e-01,2.053249100176259279e-01,-6.926120979339778216e-01,-7.963391105249463253e-01,8.452289625591565825e-01,3.610446615827188066e-01,7.736373531776439272e-01,1.326238655709869985e+00,-1.097734863946513845e-01,-1.028684068500327786e+00,-4.218461774603629588e-01,5.723857954171245321e-01,8.027989347320489966e-01,6.558586703654586403e-01,4.414018743438125059e-02,5.953204700634839863e-01,2.377241972563074679e+00,6.378488257539127737e-01,-1.181982430651502325e+00,1.145790147324019514e+00,-4.409378939690375421e-01,5.427521766752363419e-01,-2.055932150709263717e-01,-2.884662630415830153e-01,1.421797305445536841e+00,-1.141414887419448243e-01,-1.096948242748276847e+00,9.113547756028443636e-02,5.569238276925765341e-01,-7.544914370508610801e-01,4.745722886530360229e-01,6.003820706235990512e-01,1.017934240532926138e+00,1.312319944670020444e+00,2.477877410675923264e-01,-5.112409665059717279e-01,1.692780956160623518e+00,8.220319917342259197e-01,1.948008120932283704e+00,4.637024140093506386e-01,1.217325829620104605e+00,-3.834108464026024510e-02,2.429520572942400480e-01,-7.617487281909223196e-01,4.651032253003806183e-01,-1.556973620295160288e+00,7.161633608813735563e-01,1.446487009905017329e+00,2.879155273020077566e-01,-6.306185148170728727e-01,3.720198453359768731e-01,4.655957819450375901e-01,-7.781475750619044618e-01,2.098339408043067067e+00,8.592707412130010658e-01,1.294639561772433556e+00,-7.053717649965233205e-01,-1.457098858977530220e+00,1.448141606195829434e+00,5.790179831406910838e-01,3.642513979843823302e-01,6.625678346388398365e-01,-3.983437438211764881e-01,2.071624603591104008e-01,6.227846581908904611e-01,-8.332168318806485452e-01,-1.381723509419476720e-03,9.833034727330712821e-01,5.514083419283999365e-01,2.327236654309161601e-01,2.087138273623441731e-01,2.253728469849521909e-01,-4.341887200648538725e-01,-9.068057222900818282e-01,-3.216029061273317224e-01,4.203178769522052105e-02,-8.501207619435316998e-01,-6.551651189551713772e-01,1.601467589166940764e+00,-8.395170152666131536e-01,2.076897334290560337e+00,3.008504735664540242e+00,1.110288187810689164e+00,1.395927599598689284e+00,5.909874169430373581e-01,-2.836632445703761718e-01,-2.886706872714738664e-02,-1.963477871012689058e-01,7.156618004944956812e-01,-3.371366849896772488e-01,1.088683474557306630e+00,-4.709979464639009739e-01,-2.419244917166581688e-01,2.141730009552505754e-01,1.956331884899370488e-02,-1.313242883518470905e-01,-2.462888472230776449e-01,1.404282188741685644e+00,-1.159506333990186072e-01,-1.176455138033213998e+00,1.765114290589720136e+00,-9.265112874570797796e-01,6.015434463091907658e-01,-7.810372279887024538e-01,1.647235506849615838e+00,3.079400205938269686e-01,9.712399188387073057e-01,-2.610754310848983906e+00,6.085221838311669629e-01,2.037709466776627565e+00,-9.228109490556980765e-02,5.844643425266086156e-01,-1.359442995793262443e-01,-1.130879921193758353e+00,9.703093040851645812e-02,1.369126666681579119e+00,1.288878588476757958e+00,7.401387108571252371e-01,8.324917160474468725e-01,8.882073962261338718e-01,7.998920682254589964e-02,-7.646373643432734513e-01,1.195683770668506618e+00,-3.085566345772960406e-01,3.290309905897701448e-01,-2.201737841891609204e-01,-5.147115958401900226e-02,-2.079027643058800889e-01,-3.319119273782703550e-01,-3.640811795202797407e-01,-5.730242924666969495e-01,3.726092790639134317e-02,4.454913770253809413e-01,-4.456183510163698180e-01,1.270187120827979133e+00,3.487916906895268121e-01,-1.984415187307316530e-01,2.108661488668378770e+00,3.244882097130786236e-01,2.873152275072981751e-02,1.730685741046458448e+00,5.337664925353332590e-01,-8.244182330179959939e-01,5.758987071155878823e-01,6.516223221495902607e-01,-3.374810900728297258e-01,-4.529423618580911137e-01,7.285898780822386289e-01,1.279182239223457529e+00,1.040635493394128086e-01,6.024538060750964097e-02,2.210780664331755407e-01,-4.357813891180190025e-01,-1.227005397970482692e+00,1.430929651007639969e-01,-5.072090951433211314e-01,-5.347577092665213305e-01,1.611231541263078160e-01,-4.871359743609192661e-01,6.274330240631984523e-01,-2.205434812599663452e+00,-6.975457936389900526e-01,1.017655671453951971e+00,7.270499778789692169e-02,1.382172185202812598e+00,-2.015840443927482961e-02,-7.626616899501116320e-01,8.806995528841561338e-01,1.571287568879959906e+00,4.815687640486089882e-01,-5.553648514738843689e-01,9.252999051987554902e-01,5.909756388029784313e-01,1.852704670855929714e-01,-4.442675570209453917e-01,1.137790786658191555e+00,3.274018416556880307e-01,-1.186453222734036084e+00,-1.052238049685366023e-01,-3.757937655370764962e-01,-3.537347838558879687e-01,6.168375409401034154e-02,-1.227248007642102179e+00,-2.844220589173684921e-01,-8.032474733784552567e-01,6.504680802920055627e-02,6.987625918759380328e-01,-9.081260739413792304e-01,1.939929261412057349e+00,9.924646318814546175e-01,1.064963199492511503e+00,-1.438607020830836802e+00,3.362614925600310389e+00,1.537270193400400053e+00,4.773193306407213399e+00
5.615173238075782391e-01,6.790274381755705413e-01,-8.290029515998758036e-01,2.017453571068756890e-01,-7.597861558756403566e-01,-8.200952736498561269e-01,8.827855846281145169e-01,3.562956327212706831e-01,7.709385109135412639e-01,1.404295087923571828e+00,-1.097264351342778776e-01,-1.020261568940676877e+00,-4.382072847395755977e-01,5.569895069573783664e-01,8.581873838015896538e-01,6.434085373942086683e-01,5.136333434589357427e-02,5.471280871132320200e-01,2.405260509576891081e+00,6.346163996105224081e-01,-1.254460226791170196e+00,1.141140562442934270e+00,-3.739870631853139393e-01,5.332978476572873827e-01,-1.959620846830976981e-01,-3.068976847889041681e-01,1.431559871191559363e+00,-7.672416091313431254e-03,-1.089595433143643266e+00,1.274836130603816120e-01,5.630470254222061932e-01,-7.639411663228989902e-01,4.748032858587046268e-01,6.269169148344118092e-01,9.413063378806664216e-01,1.316776580912219830e+00,2.305113364132294063e-01,-5.302726450189412244e-01,1.706155909528741965e+00,8.006530823400486163e-01,2.000103986041771531e+00,4.940181789124987732e-01,1.161545796100227790e+00,-6.197675788181459394e-02,2.805777913681158919e-01,-6.918822980472365547e-01,4.763595492168254952e-01,-1.654563273937548873e+00,7.467169250848869622e-01,1.393282826574699262e+00,1.880469841909485629e-01,-6.026353254925878034e-01,3.792362230854479654e-01,4.120673279400199340e-01,-6.968152781933432127e-01,2.089016225981772390e+00,8.182088822070696654e-01,1.315672604763065356e+00,-7.120515136063384487e-01,-1.511099321821039565e+00,1.432281869277994613e+00,5.649458661008880389e-01,3.861078277283599980e-01,6.727512702233688913e-01,-3.781031272885612693e-01,1.660807580502499381e-01,5.732908728220033057e-01,-8.629131432715345662e-01,1.124910384085112472e-02,9.618242768315742319e-01,5.516809613775098819e-01,2.455870805184449668e-01,2.321349172712326436e-01,1.952788623497499210e-01,-4.117906590318315407e-01,-9.593675246494083320e-01,-3.366624524458411427e-01,9.511984922697262756e-02,-8.648250544532612993e-01,-6.479395812006000233e-01,1.629551478341490389e+00,-8.575383228882004216e-01,2.067327982984907386e+00,2.987611313179606931e+00,1.187473938884246794e+00,1.465622896460086366e+00,5.966682621163691413e-01,-3.015269600909761261e-01,-2.410691346462301432e-02,-2.044901110830106006e-01,6.713334673964491683e-01,-1.946838027872977994e-01,1.079838327880231486e+00,-4.554659310326942268e-01,-2.991190596775370469e-01,2.408125897445567709e-01,2.363732789462017619e-02,1.111862616529303516e+00,-2.142938794512445344e-01,1.393120560330833424e+00,-1.029186483441455330e-01,-1.118068289290411021e+00,1.759451583612781977e+00,-9.605600230330207934e-01,6.057343887825082929e-01,-7.942315536959319022e-01,1.636246001530965444e+00,3.520394897264615408e-01,9.654117005765521231e-01,-2.558193781054094451e+00,5.966249783041197574e-01,2.001274792617015574e+00,-1.595310919938344174e-01,5.649598055797655505e-01,-1.564199909150177925e-01,-1.132979178298602063e+00,4.679070428871623388e-02,1.392107240589966155e+00,1.274713822006162900e+00,7.372716254250629708e-01,7.647847910958918138e-01,8.797769489137137189e-01,6.525870778459576249e-02,-8.233612847399032209e-01,1.203791375893459081e+00,-2.975585660133489019e-01,3.259628556567524260e-01,-1.874827458158249138e-01,-6.766162383279959724e-02,-2.201771235903985380e-01,-3.235412719176206098e-01,-3.174756226609405929e-01,-6.168959932726901796e-01,6.267664855219653997e-02,4.153296072383463322e-01,-4.535636885746597291e-01,1.248890702430049737e+00,3.445118581079659736e-01,-1.754753648884933570e-01,2.111634792430370666e+00,2.734352903495166354e-01,3.838422610205517727e-02,1.698978311051389412e+00,6.262412713098622907e-01,-7.970052596572896331e-01,5.037367161695817108e-01,6.431721237359844245e-01,-4.362541451921230218e-01,-4.639928386613405564e-01,6.986533420949486706e-01,1.281069093783212098e+00,7.169154005473458990e-02,-1.325047290136595508e-02,2.275257763655227361e-01,-4.648199841797280851e-01,-1.230957562717502674e+00,1.580166036413521435e-01,-5.030007579376839510e-01,-5.055879461060406310e-01,2.128649430997812952e-01,-4.330862894773583882e-01,6.091418732352598120e-01,-2.278979662153324703e+00,-7.408708544286460862e-01,1.038246111993051501e+00,1.453462965421054021e-01,1.334451923889933944e+00,-2.510173078245291761e-02,-7.914916710307183800e-01,9.009083122308225722e-01,1.594776527520338494e+00,5.115716911455294724e-01,-5.635976716326895897e-01,9.577639958929714536e-01,6.260651871684250747e-01,1.869470873611635553e-01,-5.306852749972489347e-01,1.155542022436951477e+00,3.534907322824956122e-01,-1.145160140372285307e+00,-1.036499564269453000e-01,-3.536593277884538256e-01,-2.871769140824249611e-01,1.177447709081661104e-01,-1.147394482984529063e+00,-3.318991290758860901e-01,-7.729686116632062953e-01,2.496882527225371962e-02,6.965958543950705462e-01,-9.420132288008798982e-01,1.926478981863853246e+00,9.918928291841460076e-01,1.061292884401492165e+00,-1.430063117489738023e+00,3.330624217390643960e+00,1.542360987094135050e+00,4.776104355282423164e+00
5.561270033337428753e-01,6.653699839899425150e-01,-8.337868229323839309e-01,2.169380482560077650e-01,-7.527551413176685191e-01,-7.985610135762279960e-01,8.436699017985186400e-01,4.523885554082965332e-01,6.744919430984174236e-01,1.363320265079218441e+00,-1.022977241406312632e-01,-1.002021649628126898e+00,-4.681652148606175179e-01,5.484503970924773375e-01,8.751090496147457820e-01,6.389840041349044153e-01,4.379855321998152307e-02,5.294635810639043427e-01,2.331612333535235670e+00,6.440753719063767591e-01,-1.279227584572662835e+00,1.141932621262233605e+00,-4.288601137451957812e-01,5.625784447137360811e-01,-2.225164025796181333e-01,-2.888126656331376219e-01,1.395155202201473266e+00,-2.779536167369911492e-02,-1.144099165032722798e+00,1.148426661022382417e-01,5.759807120037683248e-01,-7.476708695477640720e-01,4.682028853282792502e-01,6.155265543322328003e-01,1.007241081098729785e+00,1.306945545791440288e+00,2.099694052142783152e-01,-5.389261020370984534e-01,1.706274148051299511e+00,8.247437330362147323e-01,1.964040841523064573e+00,4.797889326900679485e-01,1.196441576805030937e+00,-2.380429608031889993e-02,2.570082969186144317e-01,-6.659171779118394641e-01,4.353373876081504390e-01,-1.656830149406457897e+00,7.141617476762125438e-01,1.414370414158477862e+00,2.083387127236561720e-01,-5.751455361857562565e-01,3.750057483743373110e-01,4.466863230439909183e-01,-7.409286482786487937e-01,2.103881616443186608e+00,8.741752556407170749e-01,1.320895336244821916e+00,-7.377107552331869655e-01,-1.449087028305962921e+00,1.309540098138040953e+00,5.567469173076478040e-01,3.632873652752536264e-01,6.484715682077079046e-01,-3.718177914129380257e-01,1.391808287322786053e-01,5.672689420407756034e-01,-8.655145864615865214e-01,-1.559007967452162059e-03,9.656310076078156168e-01,5.444115317722501013e-01,2.999634240625066450e-01,2.113637363696044269e-01,2.320806847064084411e-01,-4.207361667809847439e-01,-8.980856411349680268e-01,-2.896525703607044089e-01,9.061392038340786159e-02,-8.527174930192044089e-01,-6.020232569065790962e-01,1.595524313787287207e+00,-8.836383242010885652e-01,2.052841889538804310e+00,2.999114395277912681e+00,1.108887946326819973e+00,1.473863999556257021e+00,6.514874730945078296e-01,-2.856212313854497586e-01,2.074373141871493301e-03,-2.093388302645443622e-01,7.158858134077967783e-01,-2.495635979812712013e-01,1.079261584669727547e+00,-4.491406446570365696e-01,-3.014258685600066379e-01,2.209168713267836148e-01,5.054028518271953124e-02,1.190414408179253369e+00,-1.632331830266491590e-01,1.359477812327625879e+00,-9.993944049292927123e-02,-1.102970444325325650e+00,1.730034869553152888e+00,-8.819466052327898931e-01,5.844622000459146482e-01,-7.845732371632921920e-01,1.618716137825967127e+00,3.184015412592562932e-01,9.828488649557932666e-01,-2.551869942669014346e+00,6.154148170533291218e-01,2.045234999454453195e+00,-1.419648383236190303e-01,5.947786992790941030e-01,-1.877775431040628884e-01,-1.094505928394150285e+00,4.886156754235949223e-02,1.378088459302098556e+00,1.240431582560275636e+00,7.960324549572286301e-01,8.569336630936672528e-01,8.182670107110707747e-01,1.140544026553621110e-01,-8.679172598137674388e-01,1.188104453605137723e+00,-3.531120221953788496e-01,3.511553284707562006e-01,-2.230208638428976820e-01,-3.074277629458875560e-02,-2.035749231661421188e-01,-3.767830063454805645e-01,-3.436937065671717972e-01,-5.546278150220609326e-01,3.531515327206134758e-02,4.461162138217258377e-01,-4.423776351658760819e-01,1.253332798341350252e+00,3.637133034177605917e-01,-2.158737797643373590e-01,2.144562514333181458e+00,2.930061358429009721e-01,3.439862008828888790e-02,1.738946263852468865e+00,5.261822499812138787e-01,-8.146653482579732097e-01,5.836908545417283101e-01,6.778963003688827094e-01,-3.447498794958364088e-01,-5.347684666742432702e-01,7.771847147595239980e-01,1.249713537960316811e+00,9.428738915504814022e-02,4.814460246661027981e-02,2.115341827501919514e-01,-4.909794051184199204e-01,-1.226973177201374776e+00,9.636743742438727556e-02,-5.030929899769481795e-01,-5.200452871147308587e-01,1.852956589032284385e-01,-5.037923242121208345e-01,6.181367453789833322e-01,-2.221857034004801612e+00,-7.247820452321823703e-01,1.024345396741183967e+00,5.911182670472064221e-02,1.357936215198644492e+00,-4.182116172951611671e-02,-7.698405893769041386e-01,8.357573382623463276e-01,1.534797646348471600e+00,5.536391951058043936e-01,-5.356524989749643639e-01,9.858845253109241868e-01,6.214878139597654894e-01,1.448241193532597004e-01,-5.223104434552009456e-01,1.135203175738028758e+00,3.249941465298763488e-01,-1.105916815743178461e+00,-7.908896570036201557e-02,-3.423432765604900174e-01,-2.976585591804438158e-01,4.234227596176065589e-02,-1.205539979720941623e+00,-2.745643547793807371e-01,-7.760732396134715216e-01,7.612497352155277175e-02,7.558086904247024451e-01,-9.378288717803453522e-01,1.923305937664669951e+00,9.556712906354376535e-01,1.080069597895656930e+00,-1.412263433361718779e+00,3.331915405360334592e+00,1.553685878399062581e+00,4.854626339209932695e+00
5.344728516710093302e-01,6.759147294446186116e-01,-8.428266205061453187e-01,2.043170723146323919e-01,-7.578584548641376095e-01,-7.914330411807258825e-01,8.878153271710276240e-01,3.637083625969584899e-01,7.773762254840608232e-01,1.322493276433543086e+00,-1.141234113890006591e-01,-1.048444801221766420e+00,-4.557951830684031092e-01,5.690387207190943375e-01,8.287022597902499177e-01,6.938646947202570248e-01,5.121415383809044264e-02,5.129507993480568739e-01,2.386948343073883816e+00,6.379245355211060620e-01,-1.187484239737276459e+00,1.139179201602435132e+00,-3.632606359101678839e-01,5.551241820856867015e-01,-2.147609143616206751e-01,-2.908980570520557363e-01,1.431563184208799688e+00,-8.282705217719138480e-02,-1.084575282889263415e+00,1.020807421641639207e-01,5.545198480593090951e-01,-7.635066003965665926e-01,4.703289604390794576e-01,5.877510560104908244e-01,9.448262945232396293e-01,1.321046310117989897e+00,2.348726113864623988e-01,-5.539796186526624311e-01,1.706721900736311026e+00,8.272172738225564981e-01,1.945589026701823876e+00,4.568856845391481847e-01,1.212946508238268883e+00,-6.191825591715117288e-02,2.516082212930041417e-01,-6.865298388533092044e-01,4.681160924787313160e-01,-1.548612766399511287e+00,7.540490628715608157e-01,1.437354154697058073e+00,2.354556560908943053e-01,-6.249237465901378297e-01,3.863809447820855669e-01,4.250541698866692197e-01,-7.683447147219205631e-01,2.088862137148283171e+00,8.103548106050256772e-01,1.300909775909191213e+00,-7.145888699252155307e-01,-1.442605446432861038e+00,1.439754662965264664e+00,5.595585287096596083e-01,4.065659688412929795e-01,6.807606395301765145e-01,-3.957641971954396487e-01,1.500675672312860864e-01,6.225058563990458760e-01,-8.278927425139573915e-01,1.652956135164124554e-02,9.855992088431589915e-01,5.599245751060908383e-01,2.410473288668826541e-01,1.983063125341670563e-01,2.236705442713280423e-01,-4.161855502668979079e-01,-9.566621155000989418e-01,-3.475772273514354804e-01,1.016449723517833387e-01,-8.688444855467254424e-01,-6.587483230239042920e-01,1.635513784232450973e+00,-8.327744092934513676e-01,2.064814720334723575e+00,3.005807217005532106e+00,1.184377310906867375e+00,1.439640054348993781e+00,5.996951744868874723e-01,-2.868018331946257105e-01,-2.521745987351003623e-02,-2.117213715349009484e-01,6.978578723675068485e-01,-3.312444606973279915e-01,1.076920009217971375e+00,-4.525732743395877722e-01,-2.917707727529092465e-01,2.228445420513813779e-01,2.356724931925769512e-02,1.185476861269798121e+00,-1.785298110314942899e-01,1.362527176012697794e+00,-9.930658122423580147e-02,-1.179207272911087401e+00,1.731343791120069309e+00,-9.395421743189853458e-01,5.999873737547043451e-01,-8.006370802128712771e-01,1.618424830058798891e+00,3.442675554507358404e-01,9.631148052692830586e-01,-2.491792355545118909e+00,5.993073014439262991e-01,2.044194134221393178e+00,-9.381088178125611410e-02,5.637595008785847295e-01,-1.719423640369510398e-01,-1.089275869649428685e+00,1.575903254560827582e-01,1.358334111252543330e+00,1.267930026114553188e+00,7.379607928712186293e-01,8.381642689492102560e-01,8.867660200871512188e-01,1.257541152138361706e-01,-7.847442515820046705e-01,1.180626989560548123e+00,-2.787999126205804590e-01,3.418093473987581787e-01,-2.201149638418270493e-01,-6.548615769948880339e-02,-1.908159050254705502e-01,-3.671231567430354725e-01,-3.097757379379889597e-01,-6.443641058764112417e-01,3.531119423351482267e-02,4.063179545682942262e-01,-4.671194618811408406e-01,1.246664653487892682e+00,3.979302837021222450e-01,-2.042100628203676049e-01,2.104250249915303961e+00,2.797682592811659430e-01,3.907529252550724641e-02,1.689546029685740081e+00,6.172461317982631535e-01,-8.160273868391731966e-01,4.926013212137228536e-01,6.407769315125284582e-01,-4.391967550208215054e-01,-4.716187139340248802e-01,7.355199931634065491e-01,1.290000518597749668e+00,7.510620363668978061e-02,4.860743676608367259e-02,2.327081035351478699e-01,-4.644968173737032413e-01,-1.239085912750730767e+00,9.776772290120110120e-02,-4.979640500116023771e-01,-5.223547819143163906e-01,2.095932911552901845e-01,-4.831865057236846561e-01,6.193520496628109884e-01,-2.289997775756207776e+00,-7.359045850165304437e-01,1.048197410034351185e+00,1.348980478289718288e-01,1.398606346071653572e+00,-3.498072807089461916e-02,-7.806208252177019302e-01,8.124586148830410526e-01,1.566419252269132034e+00,5.140480394258564179e-01,-5.556081484847517071e-01,9.598538481512256526e-01,5.877755282960435146e-01,1.887342593761467124e-01,-5.447082337867052981e-01,1.133831199015925772e+00,3.372285266282945559e-01,-1.216733380467405867e+00,-9.780463245215198498e-02,-3.638801557046370538e-01,-3.497972159131318426e-01,1.258702499517079798e-01,-1.233379676996785523e+00,-3.216361914101495412e-01,-8.478852082002817925e-01,1.830698787831996216e-02,6.942443183547603036e-01,-9.315617031101145473e-01,1.923277757566597579e+00,9.616488445425075415e-01,1.054396254390211229e+00,-1.429473252315038190e+00,3.373232808792371085e+00,1.550654720850451751e+00,4.858392955716750450e+00
5.535677739726306834e-01,6.800245537481021119e-01,-8.400380367587184649e-01,2.055477081598825195e-01,-7.647003623606568601e-01,-8.333477291715560842e-01,8.379645661195346262e-01,3.746563118703468143e-01,7.824540396250136975e-01,1.370773974939923034e+00,-1.194901556882912441e-01,-9.810242648923607200e-01,-4.723652566489561222e-01,5.858739892608547661e-01,8.083542520964757117e-01,6.258563941026352717e-01,3.803632484729581320e-02,5.904371728254788065e-01,2.361033400970188101e+00,6.271548430828735032e-01,-1.271728238475115180e+00,1.137783938575733567e+00,-4.062007831387877688e-01,5.506674105812431330e-01,-2.046587471220510657e-01,-2.838152396874525918e-01,1.403098962617437273e+00,-1.048185599503880794e-01,-1.114053026041108563e+00,7.625544253641064474e-02,5.325427479082311955e-01,-8.091627563764645092e-01,5.050876977808703705e-01,6.091360845771006671e-01,1.023319494955037268e+00,1.318907023848947979e+00,2.383325395866431884e-01,-5.588671638689450827e-01,1.708154582956445067e+00,8.070780545163156461e-01,1.942545634489968087e+00,4.536031916076185277e-01,1.185801478737614101e+00,-1.358166882144974143e-02,2.390414251764278741e-01,-6.683866450167939011e-01,4.537897021883011139e-01,-1.558444166366410588e+00,7.149731979668754178e-01,1.441979823949000261e+00,1.839503307822171474e-01,-6.245246621873302706e-01,3.863464422155646893e-01,4.288920462969959546e-01,-6.793768754225245621e-01,2.058219293044863729e+00,8.180196349681855272e-01,1.323695640197547263e+00,-7.384156599981225311e-01,-1.468366445893366512e+00,1.456836731070329183e+00,5.513030945026917706e-01,3.832383074787596988e-01,6.742111107933902447e-01,-4.500821963880978771e-01,2.006198171471575420e-01,5.718023349928025301e-01,-8.516639174846402094e-01,-4.967554438986146806e-04,9.515165867943723432e-01,5.324152794127808841e-01,2.492091965027957712e-01,2.202038732375007357e-01,1.982241782357185012e-01,-4.170167355971552969e-01,-1.025407548061792129e+00,-3.338660353273845693e-01,4.962881314871287614e-02,-8.781080260042578578e-01,-6.424254261847534009e-01,1.626158149714406420e+00,-8.443395362613712596e-01,2.076561499504118391e+00,2.996876982058683137e+00,1.112896684757326948e+00,1.403146847291321331e+00,6.140557854267448823e-01,-2.800922472731380286e-01,1.014877710024018886e-02,-2.207272971056540023e-01,7.103016810221041144e-01,-1.757316419894490722e-01,1.090269064825546863e+00,-4.680974698274940060e-01,-3.097150355116448650e-01,2.207484308623331726e-01,4.104738886286390942e-02,1.141574676572964187e+00,-1.694613673133322784e-01,1.366090115278997486e+00,-8.759926127902592508e-02,-1.255850025311321394e+00,1.769322202422354717e+00,-9.089111112137864268e-01,5.510465785083726864e-01,-7.922637094157312099e-01,1.647501820611470214e+00,3.289211965088260636e-01,9.922653871545418225e-01,-2.660170771342475593e+00,6.250718362950941076e-01,2.007716646014363615e+00,-1.421859960297194858e-01,5.252872973083612118e-01,-2.061673361145999195e-01,-1.084646830849569810e+00,8.874792794014330077e-02,1.376867460580059488e+00,1.237122913668185387e+00,7.280006597584786077e-01,7.568511220454113841e-01,7.961901721427605549e-01,8.831174110621994866e-02,-7.543714791682456511e-01,1.195390730038535576e+00,-3.073283674478627936e-01,3.066289548133154796e-01,-1.972960969349382698e-01,-4.508183922470103411e-02,-1.677713035813893638e-01,-3.068118026249537778e-01,-3.250789546798551477e-01,-6.311294076583934265e-01,7.418565003244451117e-02,3.871080989000891259e-01,-4.691000063470863179e-01,1.241040608641957643e+00,3.322200405538817680e-01,-2.160912747333560979e-01,2.119466657934995890e+00,3.468037426769485232e-01,-2.018167296036386602e-02,1.672147051361442038e+00,5.957835034024858700e-01,-8.074103520655195876e-01,6.148814487152785002e-01,6.724045475683515516e-01,-3.255860014405150271e-01,-5.376024748640950701e-01,7.045257996878808715e-01,1.244204744363997195e+00,9.595436023277577331e-02,5.545970159832337709e-02,2.292331595544916945e-01,-4.159229609865399691e-01,-1.177120853361020902e+00,1.005033315971976954e-01,-5.128311767326531045e-01,-5.299329080377407353e-01,1.802513645025927425e-01,-4.576531825033831047e-01,6.131492970209253546e-01,-2.305216123079790069e+00,-7.122934895764188035e-01,1.041205477539123958e+00,6.937873126225178877e-02,1.368189157577742954e+00,-3.702687192813429451e-02,-7.620640193413602548e-01,8.899555344907792431e-01,1.572848055879774831e+00,5.227871322762538409e-01,-5.503128757538375826e-01,9.514035755657923588e-01,6.132114922790250500e-01,1.879758569551415459e-01,-4.396944800018886546e-01,1.148068280721508350e+00,3.179334245683318461e-01,-1.171046483711067898e+00,-7.990825245657767750e-02,-3.364527408780324524e-01,-3.329153934242409241e-01,5.543922015280661197e-02,-1.216272194622061820e+00,-2.831909204995053941e-01,-7.906498567738615701e-01,3.509874607843896377e-02,7.388342308747959386e-01,-9.064796736669078481e-01,1.925454317280338667e+00,9.679895693410478508e-01,1.071879534424390323e+00,-1.444232734909918658e+00,3.313734885350403392e+00,1.523561991073889788e+00,4.864831072192646211e+00
5.598043732196930078e-01,6.906356665689157293e-01,-8.298382900954053287e-01,1.819459529541544995e-01,5.845887890603901349e-01,-8.287174886294725873e-01,8.247739788577762576e-01,3.639604508643566882e-01,7.862865956152647051e-01,1.348092167861299595e+00,-1.182887444966422008e-01,-9.746667167646231311e-01,-4.265565353317132824e-01,5.638190067818231732e-01,8.021795618965885666e-01,6.337056590578080684e-01,4.180643218399795330e-02,6.104998321802551642e-01,2.360585399784717708e+00,6.317294933644409527e-01,-1.283862645313916584e+00,1.128737552251927401e+00,-4.090322504792762159e-01,5.316057467194853503e-01,-2.230778693714994820e-01,-2.825647548834230305e-01,1.405963277294345337e+00,-2.797765761967843656e-02,-1.100227616451642687e+00,9.409352416271486719e-02,5.422281710893915863e-01,-7.854412952896860922e-01,4.894499978133060036e-01,6.120612069598277971e-01,9.913542480285642000e-01,1.327595795321562910e+00,2.498962028781523126e-01,-5.150599400217843460e-01,1.688672448835625062e+00,7.967130941833473479e-01,1.966088102270875382e+00,4.537972882810167308e-01,1.187520632862919756e+00,-4.139851180274207315e-02,2.906224250534462095e-01,-6.657591909275032416e-01,4.865997604934557685e-01,-1.552114555298021337e+00,7.514718149327260788e-01,1.389530834717805474e+00,2.432566623255811855e-01,-6.281598070736188477e-01,3.053909988712661949e-01,4.393472149363939483e-01,-6.801324791253051671e-01,2.069566255995988868e+00,8.201041351716018557e-01,1.290076233133811590e+00,-7.337102064406127999e-01,-1.409225088958196315e+00,1.454116453169373324e+00,5.544706859151222744e-01,3.749537712757721741e-01,6.715362015756920488e-01,-4.539446718641806933e-01,1.541382145210777321e-01,5.677755993003527069e-01,-8.696716688233363524e-01,-8.658130767181672349e-03,9.828181620255103113e-01,5.289971471977342743e-01,2.271661499654731020e-01,2.170345940718246824e-01,2.014919291816488212e-01,-4.172049185346490274e-01,-9.470874250171367192e-01,-3.435751996381371520e-01,5.224259901291743863e-02,-8.913205638098595784e-01,-6.318191231367358274e-01,1.642990658444019481e+00,-8.647586277270171706e-01,2.091174360659655118e+00,2.992965098971196447e+00,1.118781737161526957e+00,1.475714935477554723e+00,5.682606421707624422e-01,-2.544987489389207158e-01,-3.388882011266643179e-02,-1.757370009951033651e-01,7.034519051697594172e-01,-1.813245471397303965e-01,1.070962079893857721e+00,-4.211068178317096122e-01,-3.124642350813737757e-01,2.790491375908438210e-01,3.145673648273290823e-02,1.164267130031968911e+00,-2.013233271555892601e-01,1.366291932589114966e+00,-9.478041121294655813e-02,-1.242401220817352714e+00,1.742967818919507028e+00,-9.397181122375166673e-01,5.805128894489427482e-01,-8.171471637385402387e-01,1.647464028868577124e+00,3.600867674666652918e-01,1.004633601603099002e+00,-2.631253503813371530e+00,6.455187579232932737e-01,2.014953662210690055e+00,-9.795165146541214007e-02,5.321046019880325550e-01,-2.050049006332231027e-01,-1.128373973897974114e+00,9.146451391866687597e-02,1.328584442949647393e+00,1.256876858411035469e+00,7.364353161239892698e-01,8.215129648876297042e-01,8.303458294702356079e-01,9.550013672013599186e-02,-7.966780994194457843e-01,1.206070209923148617e+00,-3.157905294796083395e-01,3.715244706792742990e-01,-2.064375149970367196e-01,-3.228608554768722799e-02,-1.722682206068812671e-01,-3.087185494095350813e-01,-3.334975860988158569e-01,-5.294850807629868372e-01,7.873137895762781502e-02,3.882479465529686813e-01,-4.538318119961173291e-01,1.237002450860209768e+00,3.588455289675768212e-01,-2.280080534009636395e-01,2.104003558952993291e+00,3.270867167465668635e-01,-3.126531416825430176e-02,1.722986713693624994e+00,5.319027536794965760e-01,-7.957417089987720571e-01,5.875449907689220819e-01,6.247211996711694582e-01,-3.291965977599272675e-01,-5.488813927927369551e-01,7.369520712167016985e-01,1.244764214442694028e+00,1.081323444931246019e-01,5.724005630443451675e-02,2.190235864651433606e-01,-4.650445265100935921e-01,-1.174104183303453564e+00,1.369762634071423346e-01,-5.011851273618478375e-01,-5.042221114511564739e-01,1.790432555318724472e-01,-4.883861951093872444e-01,6.009851427395415113e-01,-2.289082019994323591e+00,-7.493309985342367918e-01,1.038730906577714608e+00,6.597117219036176261e-02,-4.672622411303863910e-01,-3.854402201879535833e-02,-8.230053125713678863e-01,8.462675558870396131e-01,1.583396805531835261e+00,5.002749315062158253e-01,-5.439921398749899550e-01,9.458975714824314762e-01,5.430426880145809987e-01,1.811504964030955511e-01,-4.617422295711401392e-01,1.139608390414192485e+00,3.263398993404646453e-01,-1.181124694573871592e+00,-7.988864905122800009e-02,-3.695343410330304001e-01,-2.944282856563029682e-01,5.026282018846492394e-02,-1.232262926967915062e+00,-2.651428813760894898e-01,-7.972423857074958375e-01,3.480095536455066196e-02,7.346678056276516600e-01,-9.111890676178497905e-01,1.871772928748149489e+00,9.979027000347339138e-01,1.075943285602061428e+00,-1.438345532870503707e+00,3.305577759795007786e+00,1.545312132674303562e+00,4.870886284889886397e+00
5.314432596510912932e-01,6.847810104176940138e-01,-8.390245617968755676e-01,1.768215684196255133e-01,-7.690398433683833801e-01,-7.904656137627035228e-01,8.357972099125563492e-01,3.693995952400054850e-01,7.829336026175374164e-01,1.321547724885494102e+00,-1.176236433572380030e-01,-1.019274154446397018e+00,-4.254291834253773330e-01,5.563579144918846531e-01,8.128070739948295431e-01,6.888744918512019755e-01,3.731218950392877626e-02,4.974367035043132934e-01,2.364812197714367681e+00,6.264917701334968836e-01,-1.279137896339096470e+00,1.137391126053793666e+00,-3.733014048390596584e-01,5.490038377531326619e-01,-2.186485697458762367e-01,-2.821749419389267266e-01,1.408394947711486100e+00,-9.890401627690762268e-03,-1.107761829004840548e+00,1.101266748809353324e-01,5.986347547229281529e-01,-8.116847545683620879e-01,5.105719016808377697e-01,6.130484531162390116e-01,9.486651302846306200e-01,1.317370433311144229e+00,2.254175021297060433e-01,-5.577424894453660853e-01,1.704533096609029075e+00,8.046483247177665943e-01,1.991018992112740804e+00,4.336065428389699328e-01,1.219147817418473334e+00,-4.480065849819377111e-02,2.752391971978934149e-01,-6.842724419120790325e-01,4.679359282605535797e-01,-1.626180179679107107e+00,7.276348970763696355e-01,1.435363010164142805e+00,2.041141520555600775e-01,-6.272208311470350850e-01,3.819778797553634031e-01,4.256419255803129409e-01,-6.841282918995414963e-01,2.081447276258321821e+00,8.247275180854888310e-01,1.316342592011988888e+00,-7.292939638477270448e-01,-1.454714580453309702e+00,1.459782980251172146e+00,5.585840908569217333e-01,3.805976343761758862e-01,6.849899692946506136e-01,-3.734418839026252823e-01,1.438451154176132729e-01,5.708530377035694325e-01,-8.715079947784963865e-01,-1.414402523877949548e-02,9.833889968840057172e-01,5.479724780719446020e-01,2.468401057725911896e-01,2.027221062452105871e-01,2.377295683027480511e-01,-4.206875785631341014e-01,-1.011916587535729883e+00,-3.096974534274829494e-01,5.612542422961080274e-02,-8.657858985229976989e-01,-6.405239309472369191e-01,1.627147942202420650e+00,-8.650526225838263139e-01,2.061453268930905303e+00,3.002646062766669122e+00,1.186216950722146057e+00,1.465652842658410115e+00,6.124610175074463037e-01,-3.061616687045629059e-01,-1.504210267839103769e-02,-2.039881885500524905e-01,7.324535250663488650e-01,-2.456175981753760396e-01,1.091895536916585474e+00,-4.297092807140170390e-01,-3.080598053509480128e-01,2.328065220132695123e-01,1.810695545733125023e-02,1.142220715938829345e+00,-2.098304833298517413e-01,1.393471189339565708e+00,-9.237916680642103973e-02,-1.165840827918048106e+00,1.726295195717459707e+00,-9.324971220658497817e-01,6.089016863834753046e-01,-8.233880931273014347e-01,1.647209123852049428e+00,3.537128865725257532e-01,9.755176516042010082e-01,-2.639711573119325916e+00,5.908556540676375146e-01,2.026104114897098185e+00,-1.452800328851106271e-01,5.346275265940030330e-01,-1.640276381570627828e-01,-1.083435192322797835e+00,9.644870838991223549e-02,1.378957348023147400e+00,1.262947044474961089e+00,7.356513646131815909e-01,8.352274114784993264e-01,8.685883429214785734e-01,9.681557824727909933e-02,-7.467077463916199642e-01,1.205406917354419738e+00,-2.738272529868204241e-01,3.070200591187382533e-01,-2.046033418618403987e-01,-3.206071972749388599e-02,-2.002605317822985509e-01,-3.100314088990122618e-01,-3.311055749676108939e-01,-5.363967186239867457e-01,3.284683057616852309e-02,4.130783689646806423e-01,-4.403092245380137992e-01,1.258318863458035342e+00,4.022046359197427035e-01,-2.312575726992461278e-01,2.111223497008475114e+00,2.840930271182099953e-01,3.309916403305172838e-02,1.741372827236409515e+00,5.274853439672307909e-01,-8.116364393201975780e-01,4.986635447853183800e-01,6.251086881876442014e-01,-3.340587004532549753e-01,-5.384613812926172249e-01,6.987452374978102565e-01,1.243475135913368002e+00,8.294532691175743322e-02,-1.733868809082336412e-02,2.231503861698504454e-01,-4.195227616866040732e-01,-1.235160843401709174e+00,1.512097514738653947e-01,-5.016215119638829378e-01,-5.055114561923977901e-01,2.180929982439198667e-01,-4.830563782972753240e-01,6.191415070767114504e-01,-2.278750489268261070e+00,-7.370446895897736495e-01,1.026265946693328601e+00,1.309411730877060587e-01,1.395459858882373894e+00,-3.270537377048609445e-02,-7.944007569987209250e-01,8.841049819278432587e-01,1.569074151501628656e+00,5.076609620566303605e-01,-5.540898866870010986e-01,9.438147270471936023e-01,5.683039604410566881e-01,1.904634303293869513e-01,-4.488583475089470420e-01,1.155505751304467976e+00,3.321973957288797408e-01,-1.212515122694955094e+00,-7.846983439060135901e-02,-3.502030898703350492e-01,-2.983656476852605266e-01,5.546237937128143530e-02,-1.231711798996647511e+00,-2.783316325115883783e-01,-8.419970324974793696e-01,3.173503397303664708e-02,6.916265407969703904e-01,-9.393840786279012978e-01,1.942355286627671207e+00,9.596821636348208395e-01,1.062393402185215052e+00,-1.419712725642210627e+00,3.304817840424553843e+00,1.555520580955857657e+00,4.888095301862493969e+00
5.904680680819975880e-01,7.205017649729403839e-01,-8.390058443220036466e-01,1.690148579634456194e-01,-7.534656840358374685e-01,-7.841377062101889672e-01,8.545743287317301151e-01,3.324878544939396940e-01,6.668929322139247606e-01,1.318288365043179367e+00,-1.182319573667884732e-01,-1.064441403285528720e+00,-4.646171815022680507e-01,5.853626116462011808e-01,7.972278375330917877e-01,6.327250385286103951e-01,4.341247035089770834e-02,5.364373457837892101e-01,2.407686780837569707e+00,6.370590874017034722e-01,-1.267887341530560263e+00,1.134935167871530037e+00,-4.110511912337667662e-01,5.626956454407363584e-01,-1.864933553565671365e-01,-3.405833027486722120e-01,1.389447168094508411e+00,-5.784331681201551612e-02,-1.130906288465670206e+00,7.911974554936714032e-02,5.651298656330083769e-01,-8.009740454674023624e-01,5.417453915056343883e-01,6.306944399973939408e-01,1.034036686980801090e+00,1.302606533638858588e+00,2.307567164054738218e-01,-5.203639206734103073e-01,1.676650171377771059e+00,8.109043314692585547e-01,1.968219845164734583e+00,4.902525412655550641e-01,1.210219575633421751e+00,-4.668553552567705073e-02,2.711586599591128688e-01,-6.815081546075788532e-01,4.923662102455947931e-01,-1.658064177951873219e+00,7.340801035563062626e-01,1.374340188786661976e+00,2.810082125010836540e-01,-5.744048277003241942e-01,3.692576417158465185e-01,4.451231197167870857e-01,-7.601271499182558067e-01,2.088743925525649470e+00,8.860827490515577054e-01,1.301130403252225287e+00,-7.294746419815520966e-01,-1.424479599312271860e+00,1.304479364455146895e+00,5.785024470702196941e-01,4.260015448628456380e-01,6.953569355455070378e-01,-3.718455989662297623e-01,1.636033822294300499e-01,5.750919713285990165e-01,-8.643887149285967020e-01,-2.328498615821907036e-02,9.955248687820738018e-01,5.690580872963766357e-01,2.657752782816534265e-01,2.053456909411442710e-01,2.206912353678236460e-01,-4.003572807928877930e-01,-1.009300978658731474e+00,-3.512820719241488421e-01,9.646347041331018723e-02,-8.782543747592381767e-01,-6.352372271942097193e-01,1.581807743222223728e+00,-8.687893601859634218e-01,2.076165314311628762e+00,2.985980508370096320e+00,1.181596950343564600e+00,1.467798060425851370e+00,6.456994425453954634e-01,-2.678002017818684188e-01,-2.805982114441746278e-02,-2.275323090751644184e-01,7.363515547274456230e-01,-2.302337753702753953e-01,1.080758770932251700e+00,-4.526532520169494478e-01,-3.015808838372439626e-01,3.070242608717885791e-01,2.278086056268845833e-02,-1.427482051630050153e-01,-2.061145525821272695e-01,1.385044578490464806e+00,-1.289088459248906304e-01,-1.114428206717695602e+00,1.719469727042527429e+00,-8.857229095249019579e-01,5.677878239790628001e-01,-8.005442082659701697e-01,1.648165470817801515e+00,3.639299470835640760e-01,9.790744331361163066e-01,-2.651922691114241282e+00,5.817656747135439010e-01,2.021647838046324086e+00,-9.752609017613200759e-02,5.942368041885472962e-01,-2.108282160378319448e-01,-1.123825808301549545e+00,1.024697969880138393e-01,1.371389035938741952e+00,1.244771047573435263e+00,7.430897555978440705e-01,8.351362509904427522e-01,8.172490280561636178e-01,1.160436529890400137e-01,-7.516894993176385098e-01,1.192755581354954630e+00,-3.347471595068821637e-01,3.467052824091694241e-01,-1.714566802821961833e-01,-5.948060397047391645e-02,-1.894278740903129199e-01,-3.490831146483436287e-01,-3.270205257953439637e-01,-5.553366182906654958e-01,4.046383982125380946e-02,3.643258470954248707e-01,-4.268506974188067127e-01,1.242157297356067058e+00,3.887415237862834605e-01,-2.447116897934014379e-01,2.102625888964919643e+00,3.028891745959700899e-01,4.499717722612046195e-02,1.734579064920418690e+00,5.314241278122699974e-01,-7.832649171142126443e-01,5.567145403974161910e-01,6.449593786704497234e-01,-3.501509837619278254e-01,-5.069639161098848934e-01,8.016215661381360658e-01,1.260216060886737210e+00,9.760910030897469725e-02,7.596077203769878439e-02,2.159059053535222206e-01,-4.668680121622365009e-01,-1.150004769301344876e+00,1.384860880887327783e-01,-5.216558362303804763e-01,-5.061153733991896608e-01,2.173004717726073620e-01,-4.959909863334352464e-01,6.484048455500709407e-01,-2.252407172311511108e+00,-7.239793594744816652e-01,1.035038763348403501e+00,1.340529610076583444e-01,-4.573445085455075665e-01,-7.770800136814285178e-03,-8.003589433696235433e-01,8.941975782155070496e-01,1.585227430231640700e+00,5.178806827524276013e-01,-5.142999025583879780e-01,9.446527883596984587e-01,5.819386698831234828e-01,1.881380275725204609e-01,-5.128638902639411912e-01,1.134864756932300933e+00,3.500827012941545857e-01,-1.161231217818072148e+00,-7.226110402229300733e-02,-3.314734259789043347e-01,-3.073324565933350239e-01,7.703868276574997453e-02,-1.229035139196566151e+00,-2.944272204684529881e-01,-7.724436961054570450e-01,3.002544939659608503e-02,7.715026244109335352e-01,-9.122888348989125484e-01,1.880962719229365865e+00,9.744740467161446817e-01,1.053211348546432280e+00,-1.459715891538543531e+00,3.366964873714511253e+00,1.546580019983274212e+00,4.900875774270676111e+00
5.484827462001481413e-01,6.767682517725451818e-01,-8.120389943232417806e-01,2.124026889415804864e-01,-7.663265844297516560e-01,-7.937860156571612258e-01,8.498131132251446340e-01,3.702693227950165644e-01,7.465484996044775556e-01,1.379655822841961754e+00,-1.157664575842305837e-01,-9.991800291304069326e-01,-4.331945161610122885e-01,5.812747308312264938e-01,8.592108258460798842e-01,6.434560183633651897e-01,5.510316580487591848e-02,5.967169280538126008e-01,2.353440684775144121e+00,6.442414558153324311e-01,-1.275370952808933867e+00,1.131539657520239439e+00,-4.033363107995712182e-01,5.445111930175169368e-01,-2.003900674669787940e-01,-4.005951281075799675e-01,1.396243978887984794e+00,-1.017184015599604530e-01,-1.100828469173590785e+00,7.541670176936593473e-02,5.332172525036815713e-01,-7.765756066859286211e-01,4.819539700605499633e-01,6.140380640891921482e-01,1.017745723029577665e+00,1.306582869640390943e+00,2.343471679683277187e-01,-5.279340098432049322e-01,1.677368731837642013e+00,8.187269426689192109e-01,1.945428643992858309e+00,4.594328840772112788e-01,1.214542790644113301e+00,-1.526589857413509534e-02,2.438428201248056815e-01,-7.602334723498596070e-01,4.446803608145941111e-01,-1.664445538783268175e+00,7.208425094199583105e-01,1.388583886077025431e+00,2.844602821199928022e-01,-6.367527347100188084e-01,3.725557125796346014e-01,4.570167142367005386e-01,-6.736823736222824488e-01,2.106043682576334231e+00,8.593758691562892738e-01,1.321730695727201699e+00,-7.011916044535773107e-01,-1.461900269357223170e+00,1.438009753302696314e+00,5.734950043102696737e-01,3.940618665451889879e-01,6.841280374397468167e-01,-3.952884473632792828e-01,2.050824366126419163e-01,5.598606130584885543e-01,-8.499508182333976869e-01,2.017112252712742124e-02,9.861520668398624512e-01,5.435918557722205779e-01,2.501814899621319643e-01,2.022402791916708409e-01,1.937943067244137230e-01,-4.083800729012794228e-01,-9.077322367537933312e-01,-3.297846909995051368e-01,3.049107663031056653e-02,-8.785503388038858885e-01,-6.545408225516563538e-01,1.600428767666433272e+00,-8.486660087049308077e-01,2.071425049556215647e+00,2.970469867530882713e+00,1.107112828857402809e+00,1.395216147081038027e+00,5.915938361638034548e-01,-2.780122773443237105e-01,-2.760306813497869285e-02,-1.891431236558274998e-01,7.135323301682596764e-01,-1.911402313027691091e-01,1.083465997421032112e+00,-4.729993238584069837e-01,-3.206479600303312472e-01,2.184960187670784704e-01,3.193944144160936610e-02,1.148947842936054675e+00,-2.420666158473230301e-01,1.365399871748663507e+00,-1.117083379686953926e-01,-1.250698280214455727e+00,1.761622293479242485e+00,-9.259225243660736959e-01,5.456979017767890072e-01,-7.929611987380591476e-01,1.637321045289335864e+00,3.399738468618997422e-01,1.003353519481475553e+00,-2.607301881867309934e+00,6.199483563473118242e-01,2.044218366542534859e+00,-1.301912345179267738e-01,5.890818032639218993e-01,-1.349491985257536275e-01,-1.090456444300616612e+00,1.308212514227926337e-01,1.322623613043494517e+00,1.248959264153705062e+00,7.399164825005921653e-01,8.527477571946355805e-01,7.863964652373814923e-01,7.925147674502378004e-02,-7.730133072668385896e-01,1.185556049281697000e+00,-3.090686637363344036e-01,3.342396859444296542e-01,-2.116399474044393936e-01,-2.708400621037605066e-02,-1.737140984621264039e-01,-3.351225703972515180e-01,-3.398747768295179439e-01,-6.326574729960116050e-01,-1.466930294727728304e-02,3.518858073393663632e-01,-4.707514358248225395e-01,1.237112819309645007e+00,3.530409596697736685e-01,-2.012028828545161796e-01,2.111460627100863352e+00,3.390382800298666344e-01,-2.304490881826854951e-02,1.687806875279008745e+00,5.316754847865716727e-01,-8.026054010221842505e-01,5.808017704676047277e-01,6.792642733685234635e-01,-3.472166300426209884e-01,-4.932616220789687866e-01,7.116966371621946674e-01,1.322310512668050109e+00,1.050256773335439542e-01,5.546496692372870907e-02,2.211297233438359044e-01,-4.599446013222981411e-01,-1.238352916296564965e+00,1.312382334889192481e-01,-5.090041030890273266e-01,-5.213393021121109916e-01,1.945243912034119727e-01,-4.499560045890790283e-01,6.229040464852632075e-01,-2.217683808869065132e+00,-7.450658552302678039e-01,1.018564108941675261e+00,1.258552001711309154e-01,1.350792021496382223e+00,-2.165715543279629965e-02,-7.529309321793801191e-01,8.589697837309060446e-01,1.570023517038577454e+00,4.926684981444220957e-01,-5.136113715270741453e-01,9.600868998052617398e-01,6.171403297161970336e-01,1.775637837285047316e-01,-4.534774725707288456e-01,1.162760120554078291e+00,3.061690489753069455e-01,-1.186729525537669527e+00,-1.052398134955937065e-01,-3.585510933840516112e-01,-2.862730035103638881e-01,5.450993756445201427e-02,-1.244496613981753708e+00,-2.857799602230397529e-01,-7.810649174604520351e-01,7.390454143217235761e-02,7.342987928530273489e-01,-9.203819826102843660e-01,1.930434713052994189e+00,9.608642224334886794e-01,1.061086205858243536e+00,-1.451612101540999067e+00,3.351142551551210325e+00,1.524323439391130686e+00,5.025938283493408321e+00
5.589682212703408482e-01,6.745039201556745079e-01,-8.487671268737859709e-01,2.176281371172080759e-01,-6.915776561251030241e-01,-8.122448524277465776e-01,8.393973756949285603e-01,3.455144735762525898e-01,7.292396828812174325e-01,1.399344249911708804e+00,-1.179618445836322776e-01,-1.012482950229746548e+00,-4.296467836561524978e-01,5.590954437298710777e-01,7.963273258965698487e-01,6.510155466276617009e-01,3.700359381124617569e-02,5.453469867578817354e-01,2.345253571993999309e+00,6.583633044263106360e-01,-1.261940413301339436e+00,1.157032938155990509e+00,-3.984124324435987519e-01,5.286354596422478958e-01,-2.040318138969028916e-01,-3.340340210256566578e-01,1.431065781797627556e+00,-8.778355517375098331e-04,-1.139264583252847629e+00,1.259761596343297874e-01,5.513645507209826713e-01,-7.901045857524700011e-01,4.727926962483329221e-01,6.068696062393761359e-01,9.681443255199529974e-01,1.298247290854253944e+00,2.385627682634159641e-01,-5.816763106374662762e-01,1.697092067441909657e+00,8.285039075736656544e-01,1.967367264012691352e+00,4.691908703133705338e-01,1.231406380409644230e+00,-3.123325943668827862e-02,2.835594686294204969e-01,-6.928680877690537310e-01,4.565693602932062167e-01,-1.653947477494785989e+00,7.237080479155084678e-01,1.389455919707276665e+00,1.884431934734119019e-01,-6.035113683904278492e-01,2.925282672541742457e-01,4.010951860760529897e-01,-7.277928779376446888e-01,2.089999951365873798e+00,7.958300624544968338e-01,1.308349612622933478e+00,-7.471386999488213165e-01,-1.524771803265521086e+00,1.469502503462709164e+00,5.513016267120088854e-01,4.021653446877843097e-01,6.734181799495840837e-01,-3.875976537637844110e-01,1.544447565663043254e-01,6.021177395460021176e-01,-8.699544345960019687e-01,-1.311677933899979727e-03,9.731442432114717489e-01,5.438165309222541266e-01,2.882532453386875693e-01,2.192748112511953562e-01,2.358676768009243807e-01,-4.417392353226984869e-01,-9.016501334390638611e-01,-3.078621576842777707e-01,9.095918198813909838e-02,-8.798295818564596527e-01,-6.526777221623414338e-01,1.617611365624643804e+00,-8.272750223902956002e-01,2.655229686811994227e+00,2.991178453828762240e+00,1.132282861047052114e+00,1.375141244791112216e+00,6.061429266768804114e-01,-2.689214454630053930e-01,-3.296213539372189194e-02,-2.218578898124842214e-01,6.706534261912552308e-01,-1.931652895207409126e-01,1.089840733815084617e+00,-4.496949797033354401e-01,-2.994064473511382496e-01,2.897130583623320210e-01,4.498347705934008234e-02,1.118036206319426018e+00,-2.151623958289713701e-01,1.390905043163500387e+00,-9.973996993027589575e-02,-1.125757632292901045e+00,1.759265730884258749e+00,-9.277967360664070018e-01,5.502311915148346833e-01,-8.154106585034005539e-01,1.639262524707941537e+00,3.117490955939121178e-01,9.715069094193562460e-01,-2.550348219941429129e+00,6.478002966274624130e-01,1.989110161185230208e+00,-1.155334246744200710e-01,5.901601788541531723e-01,-1.334908448649009816e-01,-1.090020507011689288e+00,4.863724093364608231e-02,1.368051060527869511e+00,1.253454970777295951e+00,7.261869442257734564e-01,8.633515360227818070e-01,8.525926105207908279e-01,6.839272843346291819e-02,-8.789808431796076738e-01,1.200767997570147294e+00,-3.195718305679559057e-01,3.567220467856692667e-01,-2.057053876003248905e-01,-6.412394796070314262e-02,-2.333371217403364395e-01,-2.989232856205993327e-01,-3.168162420829574999e-01,-6.122683032166184036e-01,6.974614725753228162e-02,3.932346889315121996e-01,-4.417639770528862253e-01,1.256525661762943225e+00,3.909279295038391444e-01,-1.834392585524389774e-01,2.119487428501846349e+00,2.914350749997220991e-01,-7.193781982509280318e-03,1.701051755371606689e+00,6.301129690336850775e-01,-8.033716852971602984e-01,5.712548576756882879e-01,6.524561353484289450e-01,-3.396666762977180731e-01,-5.364208883103191994e-01,7.843538411532410271e-01,1.259287801551021824e+00,1.171420578148794772e-01,-9.810624107344994432e-03,2.288556434301831088e-01,-4.760010108527816808e-01,-1.259225729021874907e+00,1.254484086844840085e-01,-5.146938790278940967e-01,-5.113835108294065845e-01,2.002661333689167711e-01,-4.430969699990111588e-01,6.292950560558364659e-01,-2.276012541850836346e+00,-7.172640675850926462e-01,1.025910419742471325e+00,1.085939602763478923e-01,1.334774083299564484e+00,-2.739919102031621381e-02,-8.002111515560094146e-01,8.489239959181661410e-01,1.570641417314992960e+00,5.032965362032827406e-01,-5.572462358846557162e-01,9.332031216134977214e-01,6.254052036404318393e-01,1.894225823157655586e-01,-4.876378096588125932e-01,1.167850217219690290e+00,3.510856089156748072e-01,-1.110830832782059963e+00,-7.649640568040629030e-02,-3.513346582527582806e-01,-3.060468569351855184e-01,1.222489576487158225e-01,-1.148569638761559375e+00,-2.855748725046888814e-01,-8.046316359219605197e-01,7.421740548995801878e-02,7.480390011328523769e-01,-9.287436838115848969e-01,1.917223916602976974e+00,1.000415503601614020e+00,1.077871699107488146e+00,-1.430755085896040057e+00,3.340422764901695540e+00,1.521946452355330770e+00,5.105063168960936260e+00
5.665990585195289642e-01,6.984366258765563051e-01,-8.486169809468280256e-01,1.945162950443479477e-01,5.823564744079828825e-01,-8.087993233270975857e-01,8.534750503480015293e-01,3.608547124894829761e-01,7.870300621727907009e-01,1.350736089065625922e+00,-1.354226879365512393e-01,-9.780537182240207628e-01,-4.456910397640547195e-01,5.758590345029722668e-01,8.079249724892006990e-01,6.358473592701606725e-01,3.874810315392497595e-02,5.287080450657299924e-01,2.366122521338874574e+00,6.358357300313294269e-01,-1.264437676606520622e+00,1.143212788003155289e+00,-4.113452275658445179e-01,5.522666618825669005e-01,-2.206087480709988113e-01,-3.895783600612564013e-01,1.401150288834169588e+00,-2.131393627311532410e-02,-1.103581497441755266e+00,1.130620734934666971e-01,5.468456761816178346e-01,-7.830463829679332743e-01,4.899003604356091390e-01,6.028485247981065775e-01,1.033507653783226399e+00,1.297366192324876488e+00,2.306808605901736475e-01,-5.181325262335108039e-01,1.732894861057439506e+00,8.476949738181382976e-01,1.970643701378198775e+00,4.862055608748813706e-01,1.217570287257536465e+00,-3.320418949524080177e-02,2.922305278072401258e-01,-6.662648845174709011e-01,4.798896792648479348e-01,-1.667317546225954406e+00,7.338601070979211549e-01,1.440558560925416565e+00,2.444433485784825444e-01,-6.247520582634057407e-01,3.711517887094356594e-01,4.377617164590739685e-01,-7.645265226414967863e-01,2.064545361730123041e+00,8.132866397793081514e-01,1.295928845096861348e+00,-7.057238151372345891e-01,-1.414218419167178942e+00,1.461317848831290345e+00,5.783878645801843188e-01,4.072055087423975261e-01,6.694722765815231957e-01,-4.324484729837981822e-01,1.667764712070552158e-01,6.210853191899893266e-01,-8.443286241011368487e-01,1.273630100310686394e-03,9.544700986409281329e-01,5.351905782230664821e-01,2.536898467723968653e-01,2.096116737746563097e-01,1.952018437165414511e-01,-4.132221978899370263e-01,-1.017817442160952712e+00,-3.381254612944237792e-01,6.574866594428598054e-02,-8.876264649988380162e-01,-6.222462617940114349e-01,1.607210332781542572e+00,-8.723188692773099495e-01,2.093003463333325875e+00,3.014245313919474700e+00,1.134286950587334752e+00,1.378024673642953113e+00,5.705179455285457335e-01,-2.602705098779831694e-01,3.330208844139542421e-03,-1.758437308058054815e-01,7.020594446068996186e-01,-3.273835917922052752e-01,1.090852993603862231e+00,-5.034031689451171632e-01,-2.367718918548909202e-01,2.853572435896389869e-01,3.262793406967926663e-02,1.145559954089863997e+00,-1.691520081163417344e-01,1.388170366769614139e+00,-9.964452671264986683e-02,-1.248140049706417898e+00,1.752850189318924778e+00,-9.561472980914218489e-01,5.674808856879045571e-01,-8.041554101942187671e-01,1.668794425920268054e+00,3.594200085677548562e-01,9.777026353286428773e-01,-2.647295527339417198e+00,6.278084095111667873e-01,2.027180292729366506e+00,-1.055740157284049130e-01,5.719533177617756037e-01,-1.234667612333592845e-01,-1.104963914052187413e+00,7.960438031310010376e-02,1.368602192927615535e+00,1.261927068866521173e+00,7.646289924146221217e-01,8.220587387171326421e-01,8.193808182456456812e-01,1.099198420111507923e-01,-7.942043928831143962e-01,1.216354112898605067e+00,-3.251353310277516617e-01,2.911039306739465204e-01,-2.051802096515689400e-01,-2.599870963724674675e-02,-2.027940695494857004e-01,-3.276685790556855271e-01,-3.228357252814462730e-01,-5.365103456769705348e-01,6.113965712590756912e-02,4.488181963687434273e-01,-4.243866952253321223e-01,1.257010453968242736e+00,3.544811819631297767e-01,-1.923170878463567601e-01,2.097343897775159949e+00,3.432011959091672004e-01,-2.692740978787410561e-02,1.722303505877562646e+00,5.600945752601682592e-01,-7.917450831639393227e-01,5.725488978260763195e-01,6.834958727498657849e-01,-3.417153389240399908e-01,-5.150283028763756876e-01,7.155205592610073273e-01,1.239269832317760001e+00,1.080437013091853776e-01,5.131722204950477789e-02,2.151605923152202227e-01,-4.559130110450629880e-01,-1.224655939989286901e+00,1.331227837529070923e-01,-5.023071313945242089e-01,-5.165483551462829448e-01,2.538847806869873880e-01,-4.846318829916577142e-01,6.362304081920259202e-01,-2.254018128149389177e+00,-7.324650723095135207e-01,1.037698979728535642e+00,1.262197763088774849e-01,-4.764368005576967713e-01,-5.721918428628016556e-02,-7.803665175563793133e-01,8.562689618206825726e-01,1.569148530382410422e+00,5.011405928322258951e-01,-5.461330081498103617e-01,9.734541229572934995e-01,5.530553210882230841e-01,1.802588358364398402e-01,-4.516659739216453140e-01,1.150525821929201387e+00,3.721243488415712508e-01,-1.156490151605358729e+00,-8.210659362572456099e-02,-3.765893911220981605e-01,-3.217746782616552892e-01,4.075458914278981548e-02,-1.125986534703601105e+00,-2.638871548174044346e-01,-7.833671523373032519e-01,1.820304979078968266e-02,7.349875443179503254e-01,-9.171026605639115425e-01,1.879425770944725516e+00,9.894532883361658593e-01,1.068397000447205869e+00,-1.455991305487682297e+00,3.383923759885219429e+00,1.500788641425462533e+00,5.106108335694870881e+00
5.613798101684941422e-01,6.605206633119459214e-01,-8.208678788717573838e-01,2.021411644076867020e-01,6.038946311989543680e-01,-7.757255582042135167e-01,8.740640171033045025e-01,4.554728781062697407e-01,7.355936547446070284e-01,1.367438168277214094e+00,-1.214871297441890846e-01,-1.023167150622655841e+00,-4.772108738481878887e-01,5.636793181013741716e-01,7.964315292330896856e-01,6.623280883367101968e-01,4.103805999968811180e-02,5.146077077348421014e-01,2.395404940377390268e+00,6.637153603051147988e-01,-1.297193025212070916e+00,1.137463515055735952e+00,-3.564346343093623415e-01,5.390460023548349078e-01,-2.252553076659822573e-01,-2.936834870476024983e-01,1.420319961087770588e+00,-8.368149544739471313e-02,-1.097035344537351076e+00,1.080447502040247781e-01,5.913404503738735052e-01,-7.687024957622496935e-01,5.100877681265895136e-01,6.332880890851744216e-01,1.020570579516890897e+00,1.336821101515123900e+00,2.151522538928781758e-01,-5.248629735728909118e-01,1.640800394083576252e+00,8.220563398209012052e-01,1.967986788249682428e+00,4.661850695639868647e-01,1.170900598145216076e+00,-7.612361540983934860e-02,2.508903777473509011e-01,-7.076086392951741466e-01,4.553417534765249464e-01,-1.656534214806385963e+00,7.181000786054391183e-01,1.399123947704930426e+00,2.168426801778529922e-01,-6.185761551707175121e-01,3.838420396051271388e-01,4.207734231447458062e-01,-6.894005140909392759e-01,2.107473799821118821e+00,8.076962661818199996e-01,1.301376876331966193e+00,-7.270715938233367481e-01,-1.496565774474773347e+00,1.460580233831635599e+00,5.694102799935106818e-01,4.009157223289640526e-01,6.499410130756924087e-01,-3.722743330695613140e-01,1.549133624936318010e-01,5.673805362292024812e-01,-8.388037733282522890e-01,4.199307328805831213e-02,1.028020403782228254e+00,5.508108940684030008e-01,2.491063837986109419e-01,1.987121067649565143e-01,2.323868818487433430e-01,-3.859515072092366550e-01,-9.625774662651834790e-01,-3.328557964146008352e-01,9.994292995566966820e-02,-8.578035044796199493e-01,-6.590784993651934709e-01,1.593196236326221094e+00,-8.400775187813458444e-01,2.070453105778021108e+00,3.028810873673412285e+00,1.109164076038843705e+00,1.466279598944176144e+00,5.916412250691058805e-01,-2.903428856115304879e-01,-2.111709699733986187e-02,-2.172265036207892408e-01,7.451482779624336583e-01,-2.135562993943594112e-01,1.079731819908609669e+00,-4.524764523240533687e-01,-2.293305751512071944e-01,2.795226573219489197e-01,5.535937267403694129e-03,-1.531780069296968527e-01,-2.185407410716738996e-01,1.383564841206473606e+00,-1.102217243446414613e-01,-1.255392387010620503e+00,1.761694262937653299e+00,-9.492415827625448888e-01,5.725806203660670501e-01,-8.120265135104119958e-01,1.635242652983995626e+00,3.126840083938570714e-01,1.013245402189503208e+00,-2.535395696241571351e+00,5.914288180193967293e-01,2.048938161096250710e+00,-1.596034857914820915e-01,5.502841167345463580e-01,-1.345582475208526307e-01,-1.087904023627324523e+00,1.254858800696644350e-01,1.368350347543907386e+00,1.254479853540741097e+00,7.327409524747641179e-01,8.396494762682995550e-01,8.097366731866122436e-01,1.007549720186161485e-01,-7.878701398663463529e-01,1.192147702701816803e+00,-3.132376986147725750e-01,3.499742833106363471e-01,-1.787059065386479850e-01,-5.169984381501589732e-02,-2.423392714737441500e-01,-3.754514162416450196e-01,-3.309775034462686394e-01,-6.042194051215497019e-01,3.444527403584136949e-02,3.892072169563707273e-01,-4.552644866902865184e-01,1.257148872764873859e+00,3.747414235619300760e-01,-2.191454619065952014e-01,2.115403105667056582e+00,3.299793655930278735e-01,3.233580476497091571e-02,1.770610613368170494e+00,5.821625050911264365e-01,-7.993320412397617591e-01,4.924327943395840901e-01,6.005073956311482997e-01,-3.273346187530330464e-01,-5.626588024043017722e-01,6.988183070038801459e-01,1.323780814621034363e+00,8.503436833910513193e-02,6.528955429286772971e-02,2.186866794924237634e-01,-4.603653557122303619e-01,-1.230913721754629320e+00,1.054143636512379356e-01,-5.055265519352042380e-01,-5.045449673789300649e-01,2.073677653152367906e-01,-4.786251639546594827e-01,6.299917341260466985e-01,-2.286968996045316338e+00,-7.085428676397801384e-01,1.042306247190366353e+00,1.474928885988730232e-01,1.382468361507273702e+00,-2.653980043536770944e-02,-7.413445745729874137e-01,8.468517209519390576e-01,1.555447755450893643e+00,4.842993448163849246e-01,-5.413679102772472884e-01,9.473691660210089571e-01,6.275801756288322819e-01,1.974829573266617677e-01,-4.573532786508168746e-01,1.151860870026822914e+00,3.220168750854243145e-01,-1.201062867688262870e+00,-8.489140529118460732e-02,-3.455892853170115520e-01,-3.419273241681366482e-01,1.287441861511499641e-01,-1.216551738706189489e+00,-3.190936445644665942e-01,-8.440508929942949212e-01,5.941374074645949278e-03,7.658796171626999216e-01,-9.446034235563562920e-01,1.921171738120607042e+00,9.969651612152641285e-01,1.071735569585214876e+00,-1.429942445763933589e+00,3.361212116691173257e+00,1.549012849335980491e+00,5.108452626908910332e+00
5.539871875618852526e-01,6.843173548653332938e-01,-8.398790857190402415e-01,2.171976139093305946e-01,-6.921139487295383530e-01,-7.805088628084719815e-01,8.567176057037318992e-01,3.434468328404978732e-01,7.681775902293959124e-01,1.401950648292540569e+00,-9.503333209641570689e-02,-1.018780506708832911e+00,-4.399598050200517196e-01,5.533624875759939332e-01,8.047518871687941999e-01,6.623817841337166223e-01,3.057540076900085169e-02,5.161181508208614321e-01,2.387104810977350500e+00,6.181416651466700163e-01,-1.224864435806466645e+00,1.133569451298501951e+00,-3.786532489158049852e-01,5.632360532045901369e-01,-2.024298944409315404e-01,-3.015072336487222837e-01,1.406615327488585754e+00,1.787078997957408308e-02,-1.098862906447870103e+00,1.015825869134318327e-01,5.896297928140804556e-01,-7.931182858896289600e-01,5.098427352549805835e-01,6.277128431577523315e-01,1.037108854567468930e+00,1.333470856333524024e+00,2.255898541379813826e-01,-5.304820670992266285e-01,1.700515456596802144e+00,8.059287446582030778e-01,1.967027841092728435e+00,4.456927611322832328e-01,1.204116293684517336e+00,-3.427811865921020357e-02,2.853310254980883087e-01,-6.862391280402001525e-01,4.724603533123128418e-01,-1.636257072308720861e+00,7.278631758214203495e-01,1.382521005603138731e+00,2.123450763122058382e-01,-6.120478085136152879e-01,3.423641322733279035e-01,4.159507337057947174e-01,-7.433569986846980671e-01,2.109414561141920164e+00,8.123745879597622510e-01,1.314981360367227792e+00,-7.414549172103496177e-01,-1.517317735739881934e+00,1.432225781663049924e+00,5.544550707221014285e-01,3.926258393968452554e-01,6.718718941870122086e-01,-3.787050772212658956e-01,1.506063507482610642e-01,5.560912753232211125e-01,-8.609308197527153483e-01,5.216541466153979886e-03,1.022222242544543525e+00,5.456207345579723311e-01,2.585155017115943199e-01,2.204822127917494545e-01,2.011125158639716082e-01,-4.173336192253533916e-01,-9.035967609178632287e-01,-3.448425344182250440e-01,1.087028587485865949e-01,-8.576139373479957362e-01,-6.433845191881798486e-01,1.626672623087205505e+00,-8.814911955947317690e-01,2.075346175203653498e+00,2.997173966930004596e+00,1.130737780159687400e+00,1.369283281801834340e+00,6.531740529922266392e-01,-2.689870122356919913e-01,-2.191130727448709070e-02,-2.049112402429516533e-01,6.685812425060088104e-01,-2.488772450666473790e-01,1.135614047025752305e+00,-4.588299644133360111e-01,-2.833720024679625693e-01,2.741954063118644536e-01,2.929365244858597381e-02,1.184320884748879532e+00,-2.227940324290760277e-01,1.394210855370217939e+00,-1.016776697428123516e-01,-1.098356388357668134e+00,1.756653152730609957e+00,-9.544567306670793672e-01,5.590075779803670430e-01,-8.086920613149589654e-01,1.644367323089960253e+00,3.039740398829779977e-01,1.009822958246328950e+00,-2.565839316743423471e+00,6.508312109093974396e-01,1.994232113473904056e+00,-6.200066314431888770e-02,6.035665788070835314e-01,-1.356430711837942615e-01,-1.138625324892645896e+00,4.929043103443166152e-02,1.367473602680007616e+00,1.250816267328242803e+00,7.748754802447485046e-01,7.639665061509047783e-01,8.823265211959563370e-01,6.140503322995221475e-02,-8.184701912254132017e-01,1.201941489794287499e+00,-2.984138056116499849e-01,3.583662311917797383e-01,-1.721959650379893958e-01,-5.153831998900147704e-02,-2.193814192614517988e-01,-3.116238566179770353e-01,-3.075253141865167406e-01,-6.214619139891980337e-01,6.770667091316745489e-02,3.918160453999643411e-01,-4.448548481703262780e-01,1.250934058153899020e+00,3.877329155469999011e-01,-2.176992461385830746e-01,2.100174431444642220e+00,3.067892478939007184e-01,-4.137523317738164147e-02,1.691976209002631792e+00,6.367558928579115651e-01,-8.112573419065582936e-01,5.074572397629910636e-01,6.562498297936467662e-01,-3.318848331072237756e-01,-5.617838062536344435e-01,7.039246618794798849e-01,1.249964864336083004e+00,8.440993215847879261e-02,5.240829911896246335e-02,2.209309974327841875e-01,-4.568807292507898743e-01,-1.229240994984644786e+00,1.117174578704647203e-01,-5.112222115162314839e-01,-4.947263978961664588e-01,1.973271631147245631e-01,-4.630157241461106410e-01,6.265509132930293656e-01,-2.263628842321800505e+00,-7.128604266977208725e-01,1.021266399552076765e+00,1.239869899155073563e-01,1.341004754021333012e+00,-2.805065843876255322e-02,-7.911174690869829940e-01,8.512451864108997457e-01,1.587295593426435003e+00,5.157573604322883698e-01,-5.344481356695052199e-01,9.349317474948616313e-01,6.317208621428747062e-01,1.868137731478040908e-01,-4.568418660740433124e-01,1.153126869502941076e+00,3.527389097453546007e-01,-1.142037001091538606e+00,-8.966295746968352964e-02,-3.509342007824683973e-01,-3.395167040399063030e-01,1.221686844702605523e-01,-1.154148504688442323e+00,-3.294680183771781512e-01,-8.321826237887320898e-01,7.815043230462970225e-02,7.058935672720262344e-01,-9.237798544124432576e-01,1.923995493931946577e+00,9.988427055326273285e-01,1.070018995540517714e+00,-1.422597838744355858e+00,3.395917069128347787e+00,1.524855780679957640e+00,5.133261899300833875e+00
5.798849901901138582e-01,6.607619748925268599e-01,-8.477167181305346189e-01,1.963839873743430109e-01,-7.636236259199759013e-01,-7.956413045127658235e-01,8.508730600233820329e-01,3.241541244674480682e-01,7.814279112973717689e-01,1.391403726772274529e+00,-1.386096153100876693e-01,-9.595652414349375992e-01,-3.956890156578244389e-01,5.514358020207605904e-01,8.586472518496243156e-01,6.397218263857282761e-01,4.905749036878078589e-02,5.914894578978970863e-01,2.384112722524011296e+00,6.507649895288055708e-01,-1.256815465070612703e+00,1.145540022824176107e+00,-3.973571378692049572e-01,5.680904035679205100e-01,-1.962259916236918367e-01,-2.783946330900018973e-01,1.426564085780000601e+00,-9.519539036842095125e-02,-1.098213230164805099e+00,9.060639381317918406e-02,5.414383977657208913e-01,-7.673844674737508864e-01,4.805694077998992619e-01,5.986957283621533454e-01,1.028089988049978754e+00,1.296655966778897939e+00,2.472725351956880646e-01,-5.088707631579627577e-01,1.655991784913229070e+00,8.006478629953426296e-01,2.004083773301569060e+00,4.750681850078337098e-01,1.214748296862602439e+00,-5.488870788849731924e-02,2.434102193361100119e-01,-6.762021597695990760e-01,4.437476370538592230e-01,-1.626595114833244704e+00,7.160910482014648526e-01,1.401033409635374261e+00,2.206646893884331440e-01,-6.203416289914936987e-01,3.809690470531301720e-01,4.363143326280691237e-01,-7.382759931518990681e-01,2.081574570606264274e+00,8.383242788244299470e-01,1.323420132841629515e+00,-7.117201717230862146e-01,-1.401595535223628008e+00,1.472898036165377400e+00,5.560316691153405211e-01,3.584232236080973077e-01,6.800878038100665046e-01,-3.841098863389599827e-01,1.529800244807048015e-01,4.409772378171811225e-01,-8.617013779577896715e-01,6.979016171318421467e-03,9.675662691163214868e-01,5.051604599961896369e-01,2.594809353606188362e-01,1.736525608017231714e-01,1.976687923279942527e-01,-4.112427700826149501e-01,-9.658903059382321077e-01,-3.315564136174224963e-01,1.250489049562324984e-01,-9.092504411976084500e-01,-6.494515811701669916e-01,1.632790928502407146e+00,-8.954076444646554833e-01,2.669655025913149515e+00,2.992646926252603201e+00,1.104829265072748923e+00,1.442656984215530347e+00,5.947967900389470319e-01,-2.978545554565271147e-01,5.766230760361138429e-03,-2.240818130490671856e-01,7.151939384580036085e-01,-2.417050377148578233e-01,1.091915457559188285e+00,-4.719139143531177472e-01,-2.960265078549833007e-01,1.980168049813209041e-01,1.996170140765879397e-02,1.174299306263674403e+00,-1.854687029830854872e-01,1.402378807409258243e+00,-7.279328472571804098e-02,-1.166325501151125099e+00,1.757596474810365406e+00,-9.125941184469716916e-01,5.962480013103041987e-01,-7.886021889486183323e-01,1.610016444759062360e+00,3.049986195006757494e-01,9.594173506887010427e-01,-2.499757454502827603e+00,6.051540906194836644e-01,2.033390504731008352e+00,-9.703091763508059353e-02,5.765528034368277988e-01,-1.649303451077932525e-01,-1.075314821063227511e+00,9.429709770940788993e-02,1.354102373849048080e+00,1.275151087008625561e+00,8.146793450624854049e-01,7.910444078553204861e-01,8.579538516729954267e-01,9.610269593868793481e-02,-7.662961872567358723e-01,1.179862587690859277e+00,-2.952040827314464377e-01,3.349953407243268511e-01,-1.391586387575019235e-01,-2.913658010461100956e-02,-2.052270221847694864e-01,-3.328418205931430451e-01,-3.383076854185627091e-01,-5.570206171125261507e-01,4.086568034922550413e-02,4.604266388454363312e-01,-4.305024682765400401e-01,1.279237060437938833e+00,3.539849762233738817e-01,-2.134268739981345919e-01,2.111004079342654993e+00,2.804193353809215083e-01,-2.626232755138233239e-03,1.736774344518372315e+00,5.578425306170887721e-01,-8.074371055405005215e-01,4.999738754842702471e-01,6.724583001936211835e-01,-4.504083776957719665e-01,-4.722245968722630360e-01,6.869484792910509618e-01,1.219086115779375978e+00,8.918050416532388724e-02,8.227548734481687775e-02,2.191770089538145616e-01,-4.753197697328258031e-01,-1.261383251188123555e+00,1.022494727036115936e-01,-4.357062934689209244e-01,-4.984987435463164029e-01,1.971275024385751862e-01,-4.745856530646250793e-01,6.039558876684955058e-01,-2.275223342435509721e+00,-7.466631265817761376e-01,1.036506512670346325e+00,1.227185302789967347e-01,1.376076373304733869e+00,-6.715048167866193018e-02,-8.004873537752794643e-01,8.220932407243694007e-01,1.563713755421002993e+00,5.022008575541324626e-01,-5.429799654511093809e-01,9.555202741778061615e-01,6.190451585856109329e-01,1.686091771101599079e-01,-5.257637433936668270e-01,1.155625709527343670e+00,3.506878894060126428e-01,-1.181619748384320490e+00,-1.037287762807746067e-01,-3.626977550765073111e-01,-3.346788706025679017e-01,7.458910363268428378e-02,-1.254056146207509714e+00,-2.987471998754945290e-01,-7.784961348612139398e-01,2.102742250383211886e-02,7.588727188799692103e-01,-8.845726623728074056e-01,1.915409368186421490e+00,9.522362607845522575e-01,1.055931579723477842e+00,-1.431758168618121552e+00,3.388831323933245265e+00,1.541308458766548206e+00,5.182830324289661839e+00
5.941716782378504424e-01,7.198991981003270979e-01,-8.133451969779589286e-01,1.669097338988553836e-01,-6.905086338552200997e-01,-8.121028608243681113e-01,8.460758103744455694e-01,3.631425076546815345e-01,6.676083267638395213e-01,1.369429570131445839e+00,-1.300986020613057736e-01,-9.581726264888547062e-01,-4.728160642162397842e-01,5.859222594520703264e-01,8.782058507149334003e-01,6.368914626701287496e-01,5.404943758584952740e-02,6.134836335552572573e-01,2.331399260208682378e+00,6.384501778543358874e-01,-1.275189810144449876e+00,1.157498366338773010e+00,-4.186621284896149264e-01,5.310790530054634306e-01,-2.199607153924481584e-01,-3.381656748529943690e-01,1.371226401971173514e+00,-1.203026229526163726e-01,-1.135530789255197792e+00,9.044292704918413528e-02,5.658154937018738950e-01,-7.966941035496846180e-01,4.870658261726457106e-01,6.280417941012308436e-01,1.034920244126994238e+00,1.315108722950148579e+00,2.196506492282329914e-01,-5.216374839338994152e-01,1.668698449824389751e+00,7.916116454628335797e-01,1.962706122197966252e+00,4.963401189498320987e-01,1.220769608293655217e+00,-4.283456437741643696e-02,2.413345915652533591e-01,-7.526908367780139608e-01,4.386017857691189570e-01,-1.694351265007483676e+00,7.213833074063248363e-01,1.416725104123453205e+00,2.791558570111670190e-01,-6.208962351459853535e-01,4.071541670994314743e-01,4.393750215297464456e-01,-7.017652588647061984e-01,2.093938950065557858e+00,8.374764736429142209e-01,1.297062237330597112e+00,-7.054886215234980051e-01,-1.404118361825427819e+00,1.454447411532967527e+00,5.875809007553279839e-01,3.685035700992394525e-01,6.688520175775904963e-01,-3.874943754759515580e-01,1.774331507865789803e-01,5.767133502304291337e-01,-8.634565112148427923e-01,3.173073778425366392e-02,9.882116193877230614e-01,5.743420617795356176e-01,2.573320549670500279e-01,1.967827910059991026e-01,2.197781218525195757e-01,-3.883287191948543438e-01,-9.177803657356589095e-01,-3.367925045360156133e-01,9.285489462371437908e-02,-9.082573824905345594e-01,-6.372664270700101330e-01,1.605386040488137711e+00,-8.651258323379367177e-01,2.092424666467466832e+00,2.992967612375086794e+00,1.106413356289401850e+00,1.483111452548076636e+00,5.877220926427211278e-01,-2.747889890058539120e-01,-3.736125348020059161e-02,-2.028734524219673874e-01,7.370195213520309707e-01,-2.162325070924184800e-01,1.113618983164319731e+00,-4.520477395260470987e-01,-2.996850586539560046e-01,1.974196934809639148e-01,3.031578431728456161e-02,1.188999222755269036e+00,-2.051917514858673797e-01,1.351744846312250559e+00,-1.044026554420622033e-01,-1.264095316920957446e+00,1.728946843434062686e+00,-9.074319892993387704e-01,5.666105119809605739e-01,-7.902110881275660192e-01,1.633771322298691153e+00,3.450265876386080510e-01,1.005569219309017992e+00,-2.652038423729602190e+00,6.291144596494293584e-01,2.040229383244748451e+00,-1.050973813359552395e-01,5.973725763804175193e-01,-1.614803723890044784e-01,-1.085489990048094988e+00,9.243619622402209079e-02,1.367743619655286569e+00,1.232777413579920545e+00,8.034877165184285408e-01,7.791039206188177246e-01,8.230166052977891944e-01,1.092032452301548578e-01,-7.536662180784513554e-01,1.184145335367511320e+00,-3.332235915123135106e-01,3.592820878001976026e-01,-2.139388360046849957e-01,-5.392960054987042118e-02,-1.795855590603088192e-01,-3.564378695292704236e-01,-3.274021670063116951e-01,-6.283773400556862399e-01,4.675448102744712842e-02,3.771725184233961081e-01,-4.358725119144533644e-01,1.269366051872717005e+00,3.948147568304823385e-01,-2.132289463230080673e-01,2.125736302832537561e+00,3.143076494357506800e-01,4.308005852643975037e-02,1.712439720602809468e+00,5.674396847373558428e-01,-8.111109585575859704e-01,5.525654652608075201e-01,6.821922417524931559e-01,-3.321533528382399347e-01,-5.058540623803366998e-01,8.040172250295003487e-01,1.325356910485554485e+00,8.444452743210589807e-02,4.034538452495096267e-02,1.949881239120969945e-01,-4.381131653435706985e-01,-1.177100928597190288e+00,1.401398538409353300e-01,-4.850619480422391772e-01,-5.092881020581675466e-01,1.615788841796096942e-01,-4.915979211463618048e-01,6.503139936909727581e-01,-2.244270963817945219e+00,-7.269610081790944811e-01,1.039372740511853355e+00,1.302902377976193349e-01,-4.787758652849155583e-01,-6.153431829149307031e-02,-7.576046759946545306e-01,8.944314795195004164e-01,1.575611141282172056e+00,4.846308905679015955e-01,-5.072616354724769350e-01,9.935819091922413193e-01,5.198732319165375593e-01,1.619555214845855018e-01,-5.175998954489258175e-01,1.156939868399999183e+00,3.540817031880159060e-01,-1.122604919877939533e+00,-6.608771684675089630e-02,-3.834645906005569871e-01,-3.357691563112705224e-01,7.046418962016058607e-02,-1.160052251575698579e+00,-3.072513647108574553e-01,-7.884977383495370695e-01,2.750796294936097217e-02,7.192633027191425166e-01,-9.005495528190250454e-01,1.872169604348514760e+00,9.973375363372072311e-01,1.065603127993789867e+00,-1.435638820268720250e+00,3.306871120667780772e+00,1.528495458266149853e+00,5.304285963116271319e+00
5.768439701248926355e-01,6.715318334248865373e-01,-8.383991083435872183e-01,2.157345682304929457e-01,-7.303453923523373081e-01,-7.890643671412650439e-01,8.565831428471371023e-01,3.656223583155190915e-01,7.156222019273451584e-01,1.380110078311137967e+00,-1.369180190703868094e-01,-1.027683011045797512e+00,-4.197260961296105375e-01,6.270968973927139034e-01,8.797876643159960874e-01,6.515963288480364213e-01,5.156483992317014570e-02,6.036929301341832366e-01,2.325374776866945492e+00,6.242891689469858285e-01,-1.274518600381055133e+00,1.172835153450039636e+00,-4.121741885354093804e-01,5.332988973405841104e-01,-2.156318999823415294e-01,-2.790373287774629563e-01,1.380042130269034661e+00,-2.083224988154962209e-02,-1.090368116207786731e+00,8.238189920914741615e-02,5.698659493626040407e-01,-7.929873970429777152e-01,5.332368753608344170e-01,6.050281899892542281e-01,9.688791627315666011e-01,1.315227513026022699e+00,2.282466507344566298e-01,-5.499936199963083583e-01,1.712747112476131983e+00,7.890103030142686658e-01,1.957266024207152011e+00,4.412590274976839200e-01,1.223199388291507317e+00,-4.918915637656148809e-02,2.429000778151681195e-01,-7.514499920048042236e-01,4.507159011879061650e-01,-1.691499560086205500e+00,6.422769272935754392e-01,1.382250676660655264e+00,2.017083453010249106e-01,-6.253346162948608677e-01,3.911558727235264765e-01,4.553119769623040769e-01,-6.787455817402673341e-01,2.097460653334543235e+00,8.348664964648391251e-01,1.308960943299849022e+00,-7.102834914154431134e-01,-1.409876127045259331e+00,1.436065559402377678e+00,5.692434445519896080e-01,4.074847179069264191e-01,6.692361151742772796e-01,-3.787659982453147056e-01,1.613013303271000898e-01,4.611936050126951847e-01,-8.342773338377036385e-01,3.251040430094909173e-02,9.877592184934627095e-01,5.273732795749079827e-01,2.668171392745743442e-01,2.021329713897769276e-01,1.880851887372528286e-01,-4.262473426207045168e-01,-9.141617712715895960e-01,-3.360923706563634927e-01,4.652317646203685264e-02,-8.586502397959829835e-01,-6.613363697962203469e-01,1.598837299362202868e+00,-8.757717882603712756e-01,2.096769968282513386e+00,2.983309313134988816e+00,1.100446692474472243e+00,1.446519704951116703e+00,5.824965936857555704e-01,-2.903425331380679042e-01,3.847105792353661818e-05,-1.935023347956127404e-01,7.513944495961356607e-01,-2.111273132835415900e-01,1.070545858519258653e+00,-4.608119820131529876e-01,-2.920363993651042822e-01,2.920205046374355073e-01,3.429388737066311338e-02,1.186368939247244736e+00,-2.078108741813279314e-01,1.362821795351242704e+00,-6.837630108927225669e-02,-1.151781905015083485e+00,1.757818491184377274e+00,-9.027090468084757457e-01,5.736976557064104032e-01,-7.872860933398896366e-01,1.632045640566897715e+00,3.479751896474817530e-01,1.003167076299864124e+00,-2.607457828880756612e+00,6.435177348646006212e-01,2.035463575443551942e+00,-1.639911670957973355e-01,6.285806794358056449e-01,-1.704862441444269516e-01,-1.122580135992730099e+00,9.600021925480782536e-02,1.382888732998030612e+00,1.272608268994500857e+00,7.766203250851156925e-01,8.461992080575956310e-01,8.770011014818833717e-01,8.964304221145177887e-02,-9.024716525070736184e-01,1.179762622008277972e+00,-2.971545338705783301e-01,3.509616079367209318e-01,-2.059591154827231652e-01,-2.941448538110738586e-02,-1.777536157132582062e-01,-3.481171956024080583e-01,-3.400375694663614334e-01,-5.621222052845833428e-01,3.738673204414574847e-02,3.841124906829565533e-01,-4.429933424687136911e-01,1.223038816075658897e+00,3.865464706182148436e-01,-2.063921029035391819e-01,2.126207077212570073e+00,3.317738524534671885e-01,-2.987153522354482962e-02,1.720279476417327924e+00,5.681604123302066434e-01,-8.206685486716056577e-01,5.859271870668261162e-01,6.794277903292839094e-01,-3.261275396798550275e-01,-5.484499446235693298e-01,6.773713240743503006e-01,1.315689151626644016e+00,9.499467565120336965e-02,7.801877229074792586e-02,1.905037882960846918e-01,-4.223172562576254507e-01,-1.169881584970668964e+00,1.011937994115094663e-01,-5.045347083970774804e-01,-5.573057342995316743e-01,1.540682445078974394e-01,-4.832365000654350595e-01,6.097035059177648986e-01,-2.202725317312411502e+00,-7.306416946719411776e-01,1.028604379297642923e+00,1.344638909925791048e-01,1.353562830435013131e+00,-5.014814688738592624e-02,-7.459262593333514380e-01,8.858691410429511137e-01,1.578257678227966476e+00,4.850754069441003957e-01,-5.344073054305609194e-01,1.002021300508881163e+00,5.602468227048806870e-01,1.629133064842482326e-01,-5.242107180737740624e-01,1.158789912615236783e+00,3.395330752743666025e-01,-1.151885336230713985e+00,-6.080125392697207504e-02,-3.602423968749666194e-01,-3.098945251501529219e-01,6.751636436272934194e-02,-1.208605143728573861e+00,-2.910533108795686497e-01,-7.848327711330009837e-01,5.964872779715254397e-02,7.068396880983643937e-01,-9.049983310892085742e-01,1.926967183977235099e+00,9.857811478147987527e-01,1.053318335007715323e+00,-1.439200956110630036e+00,3.306135246134987327e+00,1.530934384253467950e+00,5.315250101041887554e+00
5.698809895797746217e-01,6.834207002007195442e-01,-8.471867763240971128e-01,1.932547771978433415e-01,-7.554712963349290433e-01,-7.889347057587108303e-01,8.606957255421078257e-01,3.175015660866752354e-01,7.735817946071021911e-01,1.375718365283239653e+00,-1.281521270107060240e-01,-9.752430910821152654e-01,-4.286370768499789263e-01,5.574621238631115583e-01,7.929237817781692454e-01,6.465680621545906170e-01,3.829149927756154287e-02,5.292812193574106816e-01,2.372734766168421050e+00,6.496957140314363333e-01,-1.264631390345557937e+00,1.140791536996669242e+00,-4.138372049961737686e-01,5.586147119767369551e-01,-2.001960958424935655e-01,-2.893515173506521210e-01,1.423680854997383394e+00,-9.396110487390246790e-02,-1.091864012360160840e+00,9.177982837753467793e-02,5.837203497343700365e-01,-7.588416731350986488e-01,4.857463289355444247e-01,6.103766270128895277e-01,9.857447002525254742e-01,1.291469724038092348e+00,2.456906381754576374e-01,-5.593289950801385579e-01,1.690792017852315254e+00,7.816130850718108203e-01,1.958049361469969663e+00,4.690646312231896986e-01,1.200549446557286126e+00,-5.762207796252531017e-02,2.728604833934010765e-01,-6.771099091787979862e-01,4.487516333480891517e-01,-1.545149491726567126e+00,7.266165346166818528e-01,1.399580386188215675e+00,2.358511046751934070e-01,-6.179918809162399107e-01,3.725019336904097922e-01,4.446717640798106275e-01,-7.423454346199283016e-01,2.074494220202042438e+00,8.529030751669884891e-01,1.325159179989137792e+00,-6.807805434637470565e-01,-1.437361087863264997e+00,1.464777902549359689e+00,5.605847096268019580e-01,3.894035063480540959e-01,6.718575012249902167e-01,-3.906325179235998757e-01,1.421453940062618604e-01,5.735913262994088990e-01,-8.622805219043537805e-01,-3.591339361194491320e-02,9.362079197376791395e-01,5.016329982530294274e-01,2.231206683257724033e-01,1.843936253136401193e-01,1.945100368153405979e-01,-4.052485280775477428e-01,-9.624318764478659860e-01,-3.192395149633218687e-01,1.297307248541759717e-01,-8.446353286389004511e-01,-6.075593433402086685e-01,1.632031517674169319e+00,-8.956134254005834183e-01,2.068298356666704585e+00,2.971859478143845212e+00,1.109198954634419643e+00,1.484492150646141928e+00,5.974783081656170891e-01,-2.895596813683061210e-01,-1.851009649428211196e-02,-2.237166163407182384e-01,6.999911257836148870e-01,-2.276576433192747106e-01,1.052715609414246467e+00,-4.348015507947501357e-01,-2.914831192302768104e-01,3.014518715429136408e-01,6.650347989734392562e-02,-1.450520234840756428e-01,-2.135783386051707256e-01,1.359688648357870067e+00,-1.028864280878283299e-01,-1.111120817605729227e+00,1.763788675050860011e+00,-9.075587599302139541e-01,5.704937738421537174e-01,-7.860588579369585105e-01,1.622820931348530449e+00,3.172684883276318257e-01,9.947394878636093285e-01,-2.511484712514310047e+00,6.048917632253331123e-01,2.026679264766471089e+00,-9.616528450060730926e-02,5.328432396987625719e-01,-1.707322891200235282e-01,-1.082504820398275225e+00,1.381391277370533910e-01,1.354883025359911120e+00,1.215809715194274387e+00,8.181760951594017062e-01,7.965829102914715465e-01,8.580108363173852837e-01,1.095642614996727715e-01,-7.508930946956853258e-01,1.182274496561170229e+00,-3.557834615612886497e-01,3.652670464636391667e-01,-2.134941835787792785e-01,-1.715962714661614305e-02,-1.961953022829874549e-01,-3.198579888831369900e-01,-3.436318945236497835e-01,-5.294077891300850158e-01,5.370377986578261237e-02,3.381764654643014678e-01,-4.437434021221268177e-01,1.258586940096975804e+00,3.561780609139059695e-01,-2.098084841532686373e-01,2.108502498287683657e+00,3.271389397538637112e-01,1.326257759509175778e-03,1.712727167255220673e+00,5.576102616694063041e-01,-8.697289541257355872e-01,5.025948182500885597e-01,6.238124288731163869e-01,-3.568465944477000606e-01,-5.532647222523906505e-01,7.687327285765154228e-01,1.247149192516428862e+00,9.317584430973510634e-02,-2.912593280947631952e-02,2.177369139078431104e-01,-4.658641313040653431e-01,-1.255782819184018129e+00,9.696453908352167805e-02,-4.986152065415234147e-01,-5.255217688579245650e-01,1.898292988448117280e-01,-4.734329712855223637e-01,6.148822798199351514e-01,-2.307539596126552794e+00,-7.400004237209782953e-01,1.039650359621700826e+00,1.340604594550094675e-01,1.377667770200096120e+00,-4.016474118771221069e-02,-7.553503082331122220e-01,8.265769989226547931e-01,1.565274639947575652e+00,5.051249174718662749e-01,-5.530430332386118142e-01,9.588194729702942398e-01,5.290368918208815385e-01,1.783035302151226020e-01,-4.521548400669883616e-01,1.163261953406208526e+00,3.258228725159244554e-01,-1.177092066992960762e+00,-9.555751137495270553e-02,-3.435022336595637271e-01,-3.084463075890459538e-01,8.466762069226960175e-02,-1.221407327432895373e+00,-3.027464310021878435e-01,-7.757699902733933284e-01,6.448728599991167265e-02,6.918675056302123760e-01,-8.824569149703823667e-01,1.922445010127555642e+00,9.496181685645767034e-01,1.059135507039870694e+00,-1.411906450940192848e+00,3.391773281767320736e+00,1.539518327510467355e+00,5.318417164881442005e+00
5.709660283250201918e-01,6.838018960450898964e-01,-8.358983394534107436e-01,2.186822994883095561e-01,-7.579979193595920428e-01,-7.836929694070086105e-01,8.517143050625457512e-01,4.575144979764824704e-01,6.744409115253502396e-01,1.381291164015005402e+00,-1.276025592251990859e-01,-1.034910328557102854e+00,-4.617372174022142395e-01,5.656706091444070328e-01,7.996846373910662109e-01,6.394757761090082981e-01,5.285648415802741279e-02,5.312786849309327764e-01,2.329291461970524058e+00,6.339053176346378660e-01,-1.222809752504175229e+00,1.142204245361113424e+00,-4.334231411611033646e-01,5.486351612551744195e-01,-1.876826176883135966e-01,-2.890429980039790903e-01,1.424201238376229028e+00,-4.205081401220877452e-02,-1.102090670895267355e+00,8.565612979611758604e-02,5.613808742634465165e-01,-7.589933587259120040e-01,4.919896932446944926e-01,6.169697303886806372e-01,1.027267326645501466e+00,1.344288363043792289e+00,2.259114411473610584e-01,-5.268356302438624850e-01,1.706714680474404000e+00,8.325815500755779919e-01,1.951374955567875213e+00,4.462987220799327637e-01,1.211274376419139598e+00,-2.222745080566379539e-02,2.387678838822955285e-01,-6.943836748464291553e-01,4.353946398249110561e-01,-1.657571379382248411e+00,7.515115585010128108e-01,1.397421525353003346e+00,2.151007983871176532e-01,-5.687346320182830040e-01,2.941917779265479926e-01,4.394823985197380822e-01,-7.653743192384722116e-01,2.091568585982760187e+00,8.176108080950528212e-01,1.318594737722675880e+00,-7.375137450500440783e-01,-1.500783135369676335e+00,1.300431618566874947e+00,5.579452530623331130e-01,4.140983692844414921e-01,6.554275473695935217e-01,-4.595331907016149131e-01,1.362986108393022811e-01,5.690326885284175962e-01,-8.642634485825451129e-01,5.263820481314315791e-02,1.003529814251742813e+00,5.357723542321055632e-01,2.882319199044244828e-01,2.035947491996391856e-01,2.175451987411800292e-01,-4.369437360658952052e-01,-9.020086415457166940e-01,-3.002601085068232756e-01,8.925698890656078022e-02,-8.801870177791616401e-01,-6.414361793876635076e-01,1.605180839129650039e+00,-8.365149747553656256e-01,2.055162379169142017e+00,3.022212647446909539e+00,1.118752764147905809e+00,1.464514609510061183e+00,6.286726095410644088e-01,-3.009489433629912725e-01,7.688722426254575304e-03,-2.083872978792044028e-01,7.207556320339918443e-01,-2.686818644362154451e-01,1.085427145616659761e+00,-4.500291047597328453e-01,-3.018573083450962202e-01,2.763482877131019921e-01,4.429540932196969483e-02,1.178264648645167556e+00,-2.033506794018465069e-01,1.394698255972868450e+00,-1.108641390455568920e-01,-1.243475297908583244e+00,1.730592059546551376e+00,-9.270721434579970444e-01,5.617203930543975821e-01,-8.129370002213262003e-01,1.625054384201693569e+00,2.900327921955150323e-01,9.877367179352651849e-01,-2.605274565557603061e+00,5.827132191919646154e-01,2.050151025046453857e+00,-1.032468810891386951e-01,6.013825197033172421e-01,-1.785623966609320989e-01,-1.094520630681171891e+00,5.445177463773069604e-02,1.389041832570717006e+00,1.272585893132205159e+00,7.991431456926800792e-01,8.495408353718189032e-01,8.182518295323023549e-01,1.131254320087808629e-01,-8.131433951234282587e-01,1.196476659554871924e+00,-2.889943762090928514e-01,3.358019458273161506e-01,-1.829730342961265466e-01,-2.052360947336098404e-02,-1.982702780851074986e-01,-3.250879593583583249e-01,-3.451746051983710650e-01,-5.532625982379248963e-01,1.996972228809756542e-02,3.805112717790701815e-01,-4.316393412034149057e-01,1.259673813415039589e+00,3.652537691311930623e-01,-1.995267052903951788e-01,2.091342364762368788e+00,2.883132439200736807e-01,3.789319011848199525e-02,1.678696065606948062e+00,6.078731285289930009e-01,-8.186736235681013607e-01,5.946458971715902209e-01,6.340159953747492860e-01,-3.448074568798549788e-01,-5.161635683854444157e-01,6.960620343535842691e-01,1.289155647382550729e+00,9.929888623453873853e-02,4.692998626410545271e-02,2.389000051461560303e-01,-4.586934191620478107e-01,-1.234363414695475392e+00,1.034102191908392726e-01,-5.188647328829044669e-01,-5.262796034586357807e-01,1.860484956762812614e-01,-4.822478221960167510e-01,6.306378921668902571e-01,-2.235010936700826623e+00,-7.409877110268510148e-01,1.027566337579218336e+00,1.082678403767823733e-01,-4.824122732257724033e-01,-2.616443416285622880e-02,-7.478939706993177339e-01,8.431722296302919251e-01,1.540247260095020110e+00,5.290537655350069368e-01,-5.321094674833038995e-01,9.500644313556136922e-01,5.204371473400918324e-01,1.485213329837445917e-01,-5.146167481315064851e-01,1.159657985834581240e+00,3.326766590350510588e-01,-1.096506922402378015e+00,-8.155774484871039509e-02,-3.307120033318547425e-01,-3.032529304253967495e-01,8.380274604376414249e-02,-1.236873006593032676e+00,-3.197250735386866771e-01,-8.358418092294764845e-01,2.073903112526220838e-02,7.632497905682923411e-01,-9.535361047500471310e-01,1.937941058177379050e+00,9.826347840199499695e-01,1.067608294934184299e+00,-1.409976368949270142e+00,3.332767440446493090e+00,1.543162253269630080e+00,5.375728717062965956e+00
5.552902330078769433e-01,6.698950896254569631e-01,-8.457222939261203054e-01,1.909693883169203132e-01,5.942315101257864551e-01,-7.900503540922351187e-01,8.419335672924093128e-01,3.585403179567428489e-01,7.410876213308026372e-01,1.365405083025954314e+00,-1.395625308391380548e-01,-1.013941645798753122e+00,-4.500304611088634110e-01,5.629197036341750948e-01,7.954080390599997941e-01,6.521643730397416183e-01,3.454594718433913469e-02,5.144086463483702465e-01,2.371217027507992903e+00,6.531790270424008282e-01,-1.298910230433657498e+00,1.123517144844002447e+00,-4.133556274521487106e-01,5.441324748908480391e-01,-2.230854924839164588e-01,-2.879294328453689822e-01,1.410244617799250477e+00,-8.501994101053299280e-02,-1.107240004550714918e+00,1.132583355725731988e-01,5.431204358951696731e-01,-7.912421754798855122e-01,5.024864239218185258e-01,6.140353927369291975e-01,9.881658420945553800e-01,1.301692431258993921e+00,2.084006330860261325e-01,-5.114188661756130516e-01,1.691329279904367544e+00,8.315325363150024573e-01,1.958295953135076317e+00,4.627701027137622325e-01,1.226031957708316966e+00,-2.513021631263617078e-02,2.347750060304260311e-01,-6.734364381741188010e-01,4.883174236604227447e-01,-1.649765496966938416e+00,7.121304674034624194e-01,1.399262811239309956e+00,2.119054171633892036e-01,-6.224085377406569641e-01,3.985439054782251023e-01,4.294910507434144820e-01,-6.865016645940460460e-01,2.080220392460856438e+00,8.081253967616053302e-01,1.298344721942415569e+00,-7.338109955386132865e-01,-1.446882482134594472e+00,1.458792706535397388e+00,5.824307830670563124e-01,3.972304212718412164e-01,6.828563144608231772e-01,-3.891641072411422542e-01,1.554030029231138477e-01,6.133287210853844984e-01,-8.463732324304421573e-01,-3.832182256981833332e-03,9.648183603787608975e-01,5.256401286626004588e-01,2.536023866150778905e-01,2.036550409939117956e-01,2.313568130855209737e-01,-4.138013544597852755e-01,-9.633546311668819140e-01,-3.447194760358964771e-01,5.462726509651015527e-02,-8.388290699703382369e-01,-6.535318397003430091e-01,1.642230579698922943e+00,-8.603581610054407136e-01,2.091000521073332230e+00,3.018189311205301095e+00,1.118879927875221281e+00,1.378582381352603914e+00,6.426308164540409651e-01,-2.803618392464701237e-01,-1.710435276675758426e-02,-1.980210653856282754e-01,6.959504276282797441e-01,-1.836205104329940163e-01,1.089016366270092018e+00,-4.908874808232560061e-01,-2.248735138939880474e-01,2.838815195842797068e-01,2.120350180013576627e-02,1.164677619873664804e+00,-2.252622696663254265e-01,1.348827969653169312e+00,-1.036429886468210743e-01,-1.250845978346127874e+00,1.752649892610772753e+00,-9.447809493095460365e-01,5.614709621931563976e-01,-8.002452297921580637e-01,1.690021226387471431e+00,3.568891442541804460e-01,1.013684317420671110e+00,-2.641327841319971448e+00,6.421354179460410094e-01,2.019769215289378028e+00,-1.530985466479561075e-01,5.549867590991667265e-01,-1.935639807790271172e-01,-1.109730814273917510e+00,1.301932857699161505e-01,1.338069826965261777e+00,1.257125270861376043e+00,7.480274788456424684e-01,8.340563515641375991e-01,8.078278216838897796e-01,1.076903639320634654e-01,-8.082051507010159508e-01,1.203771702627607132e+00,-3.153120893338540176e-01,3.296244144565397827e-01,-1.963922667857427584e-01,-2.521909862230941116e-02,-2.398757981618454271e-01,-3.378165447076347250e-01,-3.275245654067022172e-01,-5.390303868103376583e-01,5.202958470185845008e-02,3.770342366459613626e-01,-4.471730304017378366e-01,1.264536979630068059e+00,3.649941919798752599e-01,-1.996424741947024906e-01,2.116758692164498079e+00,3.305039407566425225e-01,3.673677131324856043e-02,1.722904275975648547e+00,5.333848469873996301e-01,-7.891118204293087190e-01,5.773211101414068569e-01,6.024871056673202219e-01,-3.467052594568287294e-01,-5.450215508895750460e-01,7.183485041551826988e-01,1.256520544140033113e+00,1.019786315980791974e-01,6.152329952030105575e-02,2.167416551329846564e-01,-4.583771831894978832e-01,-1.174993155380630538e+00,1.328915542518946391e-01,-5.027614534214286390e-01,-5.273418264121622068e-01,2.592791835832821690e-01,-4.929165343245358044e-01,6.453142497532025068e-01,-2.276176325222118990e+00,-7.290058606965409416e-01,1.040645719347817577e+00,1.354083544467140077e-01,-4.755964285716116069e-01,-4.575085904915260349e-02,-7.406868504313739443e-01,8.576967611340249320e-01,1.575933998630626887e+00,5.161741083594726387e-01,-5.432284621715587347e-01,9.693395914288506221e-01,5.753795482908002912e-01,1.830914794786715760e-01,-5.231198042310142293e-01,1.150622821679376129e+00,3.378062095563384992e-01,-1.184777084943938963e+00,-9.188043943954876669e-02,-3.926438379998727357e-01,-3.348289173419983222e-01,5.002430262513535980e-02,-1.222802558842209120e+00,-2.711756779293502673e-01,-7.892906497375093977e-01,6.660720508979994792e-02,7.280824498943202494e-01,-9.169217024241588243e-01,1.912637585611260294e+00,9.961609238374887765e-01,1.077091454512935309e+00,-1.424821498248567853e+00,3.379281903961560918e+00,1.509645721907948435e+00,5.380659411735489783e+00
5.621779099839334659e-01,6.655594231801270633e-01,-8.446038734531017278e-01,2.449204789921870240e-01,-7.422378045395987556e-01,-7.575791885732690023e-01,8.923658820486384258e-01,4.469674755350870332e-01,7.923566579333469750e-01,1.388338511389656249e+00,-1.345488773907799473e-01,-9.619155621783077592e-01,-4.396192294857997895e-01,5.595673099633067249e-01,8.613663787306341524e-01,6.424139424393792153e-01,4.380562997880569492e-02,5.251610439096991989e-01,2.417413682140150399e+00,6.521873335961188012e-01,-1.233833089191817001e+00,1.111667752420304689e+00,-3.826697845944375675e-01,5.529717785817510611e-01,-2.115717710185102685e-01,-2.679129652956435126e-01,1.419703200308600310e+00,-8.063456638741710661e-03,-1.110718416319457003e+00,8.321984148003158666e-02,5.407302759304575268e-01,-7.799006546027121844e-01,4.751522915218584497e-01,6.119861846405771910e-01,1.011672476614746907e+00,1.324927043673479687e+00,2.546367314497031131e-01,-5.087894237198438141e-01,1.682910814010532663e+00,8.050770785634758786e-01,2.002058905213468964e+00,4.943550721121713343e-01,1.227121914202680575e+00,-2.256084119305978158e-02,2.706268531866412586e-01,-6.944907345231463580e-01,4.688269430658048020e-01,-1.559648123836574474e+00,7.199619229450457958e-01,1.390719232239748804e+00,1.917164784925982635e-01,-6.033873717850508633e-01,3.752235890268153518e-01,4.470596108341856612e-01,-7.453221956084888911e-01,2.078206240729740362e+00,8.446093016608732240e-01,1.314679324135417993e+00,-7.072497569461198008e-01,-1.398792511149193007e+00,1.450365101033731952e+00,5.845240634849165895e-01,3.769856227260965365e-01,6.872628629659027766e-01,-3.747625983573713571e-01,1.774823487621995377e-01,5.637948535292648389e-01,-8.594295608240059003e-01,4.089314221766717980e-03,9.965162234804435526e-01,5.558207410977543672e-01,2.502853036434436462e-01,1.762298514904121483e-01,1.960052774154622257e-01,-4.296995271020163099e-01,-9.861488542363976428e-01,-3.354784793654495556e-01,1.328825285951713842e-01,-9.157353325543027278e-01,-6.470686798668964235e-01,1.601878243880589858e+00,-8.896498722244656765e-01,2.084337022035279929e+00,3.006807799930125036e+00,1.096754012937681821e+00,1.470483903185973329e+00,6.078709546629443849e-01,-2.889371400039920101e-01,-7.557614776965542076e-03,-1.749000033197828929e-01,7.534519926897007558e-01,-2.242651024158635042e-01,1.080017881405544333e+00,-4.429173754676160590e-01,-2.960148261446076678e-01,1.990396759593607845e-01,1.418099415597322971e-02,1.159327766120697101e+00,-1.740584589938100057e-01,1.392014234995911925e+00,-1.035339891549883484e-01,-1.257883796427761824e+00,1.756320188736867127e+00,-9.048554726597571873e-01,5.734145466641940025e-01,-7.768186069541284100e-01,1.627442575410239956e+00,3.415917251272730937e-01,9.538462704850342311e-01,-2.548658737304128952e+00,6.310737409837718914e-01,2.039464625538183640e+00,-1.381724897862433299e-01,6.336308941432323705e-01,-1.818507754071337079e-01,-1.095913901835512627e+00,1.301715771724356596e-01,1.367881122818446649e+00,1.231056093612814095e+00,7.516003670322083385e-01,7.818390754331958625e-01,8.690335348944906446e-01,8.856871730915577556e-02,-7.722229691849223920e-01,1.181780669296010444e+00,-3.582537716507548375e-01,3.596701288200079838e-01,-1.756951830220006283e-01,-4.006871510783764634e-02,-2.137053324357457429e-01,-3.342837467842420529e-01,-3.243328320377990015e-01,-6.588026654971161911e-01,-1.765340383428399759e-02,3.500021564205640368e-01,-4.352949774661463156e-01,1.281292649869702815e+00,3.932444347513507910e-01,-2.118250676407915922e-01,2.112579137108500316e+00,2.837832806592603396e-01,1.808595975761317313e-03,1.738778257638561309e+00,5.359169973794755126e-01,-8.365550718862088120e-01,5.924303776875614602e-01,6.703727643873141906e-01,-3.327996950597496006e-01,-4.657004442947578760e-01,7.011661842208827267e-01,1.230801159549964163e+00,8.326722899878410966e-02,-6.930101905730038855e-03,2.306819473655368213e-01,-4.654038866753443249e-01,-1.170443952800789056e+00,1.574439945152393272e-01,-5.022344670436148517e-01,-4.953130715063992495e-01,1.524914079167582759e-01,-4.589400849443867059e-01,6.318199028100217607e-01,-2.244654123603456952e+00,-7.218468321296156454e-01,1.047882660427164048e+00,1.239001785810769224e-01,1.382052097948217817e+00,-5.788144119683837768e-02,-7.920450029712238216e-01,8.862587774211534430e-01,1.562055055095112444e+00,5.466786413509810982e-01,-5.274932681618071939e-01,9.643432238281089974e-01,5.256354503133724432e-01,1.847822412255226698e-01,-4.721001996484613938e-01,1.151824661354785118e+00,3.503031606079018423e-01,-1.130722295513984399e+00,-6.621236544918432387e-02,-3.688443712835397514e-01,-3.545691777099101993e-01,1.197604771958801217e-01,-1.214320090207760661e+00,-3.082856570341823144e-01,-7.807102234235613336e-01,2.186391930733371999e-02,7.593066221347405387e-01,-8.997906634670618242e-01,1.911430813546100227e+00,9.803481409661644053e-01,1.055699952443676981e+00,-1.433903573887579608e+00,3.362216358287957618e+00,1.539647789500937058e+00,5.381303469218492452e+00
5.521308117915162406e-01,6.852570080394773111e-01,-8.463003714229866414e-01,2.210659696420902709e-01,-7.469825224684032428e-01,-8.052092001167386881e-01,8.342227539349231780e-01,3.263300173420091155e-01,7.525298039151437912e-01,1.329167588631230190e+00,-1.119414129283918258e-01,-1.045573567072999088e+00,-3.932683142033588375e-01,5.636458595394665538e-01,8.557107766520002379e-01,6.982831929142868654e-01,4.493591244762559084e-02,5.277167951608485730e-01,2.421724849838460258e+00,6.402517635601632229e-01,-1.269365886887167560e+00,1.119735779686059196e+00,-3.815537531031095164e-01,5.458095574283513551e-01,-1.784584139402205227e-01,-2.706390903639241396e-01,1.426912716995490937e+00,-4.335781888942447787e-03,-1.109693130380220660e+00,9.091510028393176568e-02,5.464990994849889816e-01,-7.747233001100710670e-01,4.954238096604461350e-01,6.148277014826238895e-01,1.011459765136822453e+00,1.310298100256204856e+00,2.390778644265655339e-01,-5.394393581754046707e-01,1.674487190362871525e+00,8.201566584567411278e-01,1.950780748235189987e+00,4.977326034467257077e-01,1.203673076407168585e+00,-1.827323076232663032e-02,2.748967050768063025e-01,-6.823842240619243382e-01,4.536863905014038578e-01,-1.551062040423569321e+00,7.235310625104361959e-01,1.393283167074334639e+00,2.866905099111834998e-01,-5.703326125378863631e-01,3.831981049821980290e-01,4.154112671881859398e-01,-7.350907695501701644e-01,2.081134441243063460e+00,8.207654096147541933e-01,1.330907651767137656e+00,-6.960825502684584443e-01,-1.440796644872174292e+00,1.435753303207736753e+00,5.459421381377563831e-01,4.249985272347888698e-01,6.759129250814847056e-01,-3.900443713263848644e-01,1.970495611776993117e-01,5.727401372522430423e-01,-8.345375340045749768e-01,-3.671379423751698623e-02,9.890061505786141849e-01,5.472400832712153163e-01,2.899569426017506446e-01,1.905870253323981023e-01,1.903889037176061394e-01,-4.201381614809658327e-01,-1.003217346107361685e+00,-3.599535345544975784e-01,1.194939744794231151e-01,-9.125057779026909399e-01,-6.563351743002452388e-01,1.605103248850192177e+00,-8.610562213343094795e-01,2.086817056175506391e+00,2.980135573917057190e+00,1.112851430842946465e+00,1.398744322506603188e+00,6.257558168258562370e-01,-3.044402166982175251e-01,1.066590422415742909e-02,-1.885384491237876159e-01,7.444874880892080604e-01,-2.392149378941780258e-01,1.075189523732151153e+00,-4.516800127052675862e-01,-3.030657769600620943e-01,2.911474130664186144e-01,5.239970257112209345e-02,1.160030110476274468e+00,-2.219856272016561272e-01,1.389252947187161080e+00,-1.195834022534816021e-01,-1.111184298498238743e+00,1.758905267801139871e+00,-9.038296464734816293e-01,5.552998040507550748e-01,-7.920884270396982840e-01,1.631046362135295080e+00,3.584944214243152016e-01,9.985887544479870037e-01,-2.618161072755989860e+00,6.168342496669596553e-01,2.032028089453020936e+00,-1.173944551618127385e-01,6.338273969401673202e-01,-1.573236874148394859e-01,-1.101947717943031702e+00,1.224807215179869180e-01,1.357608875767139622e+00,1.238920512133167451e+00,7.416773794351012583e-01,7.917620671876011151e-01,8.624219696110961841e-01,1.027313473845396230e-01,-8.990412282500667152e-01,1.195383313996987162e+00,-3.684951785100324395e-01,3.181962369796161316e-01,-1.662833396694934907e-01,-2.467099659371303419e-02,-1.997635006801088686e-01,-3.275339222396311811e-01,-3.295120918453299241e-01,-5.393297339493956510e-01,-1.665632424568144754e-02,3.834133649304474201e-01,-4.493009970277362375e-01,1.209603823855359916e+00,3.578760353254359927e-01,-1.860960239226651103e-01,2.112239800368806986e+00,2.947476804664215244e-01,2.959485211362031243e-02,1.712198575701090908e+00,5.260953311467340132e-01,-8.287810678712330681e-01,5.862017217119308565e-01,6.785989574288505688e-01,-3.344028017707271760e-01,-5.364674951809179637e-01,6.733491547829547619e-01,1.251203733915026595e+00,8.524030993191522576e-02,6.485548807003997662e-02,2.069001197409487680e-01,-4.635397361866321897e-01,-1.217653653751762377e+00,1.679824978126552848e-01,-5.094083390789995169e-01,-5.824805136817605700e-01,1.514188358400567203e-01,-4.521671573418969969e-01,6.088056907006598184e-01,-2.297726046615226281e+00,-7.182245108085013596e-01,1.032444280916672508e+00,1.258508719077658378e-01,-4.596676202265085331e-01,-7.051529187561317302e-02,-7.812361565228566063e-01,8.822725717875566920e-01,1.574969869156944480e+00,5.521436697492245749e-01,-5.290006017263760851e-01,9.475202034778701377e-01,5.309124643433841273e-01,1.833458636317176482e-01,-4.750084527288384595e-01,1.150633839109596712e+00,3.660099090627238483e-01,-1.211066863522602954e+00,-1.209916543780062553e-01,-3.308881934981979245e-01,-3.550938881258867141e-01,1.240873194896769671e-01,-1.216488814004633934e+00,-3.080931966498857699e-01,-7.836817528498674079e-01,9.961424844287915595e-03,7.554899641343227890e-01,-9.335560840880076094e-01,1.914169521575238120e+00,9.533899766186283431e-01,1.051045908611066393e+00,-1.416240790819013551e+00,3.361280531158823415e+00,1.548472349443622775e+00,5.672107065045108421e+00
5.451722330739322553e-01,6.631153360644761463e-01,-8.313827600013951047e-01,1.851225920333562647e-01,-7.678426478397807342e-01,-7.778919178837627735e-01,8.502245791219376070e-01,3.211581825946223101e-01,7.806298243353518851e-01,1.327280967048723559e+00,-1.163257109465643535e-01,-1.003060995437283331e+00,-4.035842709872455858e-01,5.562044284251511650e-01,7.877947406833838428e-01,6.888260071161805831e-01,4.051695352313905429e-02,5.501997131507337935e-01,2.389730248601376505e+00,6.218903004144991087e-01,-1.262585953523137627e+00,1.146951928626949835e+00,-3.588094641928223361e-01,5.619045428700480960e-01,-2.189366549774556525e-01,-2.976855920751001472e-01,1.425894695259185108e+00,-1.328233059493997073e-02,-1.100086251907462565e+00,7.076568156463784731e-02,5.936447857986290044e-01,-7.601105842980703242e-01,5.260349395491025204e-01,6.305168641094441861e-01,1.017183102466756583e+00,1.337388238612138291e+00,2.371983964652162602e-01,-5.574049030912365810e-01,1.709290494495258717e+00,8.201457043939155422e-01,1.966282042329242641e+00,4.448382880562113395e-01,1.196331973959927852e+00,-4.905099844377834584e-02,2.651983799353499482e-01,-6.785500550196295055e-01,4.946469037677641012e-01,-1.631590482652570007e+00,7.307434656736784273e-01,1.384115202069047701e+00,1.786339174502893923e-01,-6.249373475594028893e-01,3.618431329883150527e-01,4.507680854375419321e-01,-7.509423678810523972e-01,2.072648666888237123e+00,8.881011321815051041e-01,1.302622901918642384e+00,-7.334692218005371966e-01,-1.487846394403377071e+00,1.430774725152759164e+00,5.595727489058354154e-01,4.305620929941736952e-01,6.868537326592938363e-01,-3.800637711558748078e-01,1.566030904081937014e-01,5.670470769769287989e-01,-8.443770282847229414e-01,-2.515397010062557937e-03,1.019418006842113922e+00,5.509266909534070722e-01,2.602497711452634310e-01,1.890102241935578686e-01,1.768727766406421598e-01,-4.122194515529918890e-01,-9.926690665826460869e-01,-3.312609000928178338e-01,6.365070139201033095e-02,-8.647494985972727921e-01,-6.453026960351299079e-01,1.623483075351692895e+00,-8.643303928318032403e-01,2.069493773480565846e+00,3.027953701041572909e+00,1.180156158251107090e+00,1.472315568163931720e+00,6.455254593340897795e-01,-3.181695156837966443e-01,5.695942935656297945e-03,-2.300486577682038236e-01,7.318609428412570228e-01,-2.458418210629412792e-01,1.102908696663749133e+00,-4.601568882951466710e-01,-2.898547315170450500e-01,2.823389590149166795e-01,5.023549838703013706e-03,1.182935074163494304e+00,-1.874424791676404800e-01,1.355845318354855111e+00,-9.932780314027168933e-02,-1.111394246458858426e+00,1.758878404752228120e+00,-9.275295976157514888e-01,5.704724277204550331e-01,-8.256454137459182663e-01,1.630595161200296239e+00,3.693553678452755618e-01,1.009170799384662365e+00,-2.545359731582336416e+00,5.932037916757547658e-01,2.024306541080313604e+00,-1.014954185393579233e-01,5.883895017799882776e-01,-1.333093794556316769e-01,-1.097556881982324040e+00,1.030503704370297757e-01,1.345437603770747614e+00,1.251695900984251208e+00,7.721993216635332224e-01,8.354847910105152042e-01,8.303133210424210597e-01,1.058797827815997628e-01,-8.712479659988405789e-01,1.193617169762229091e+00,-2.970720941892448508e-01,3.468243840777239795e-01,-1.634585258858251566e-01,-5.645448766706002985e-02,-1.875193442947219180e-01,-3.231588557966619812e-01,-3.266444952368909860e-01,-5.428306830493373480e-01,7.476832792765542024e-02,3.980429736870097490e-01,-4.555495996957668048e-01,1.241735319537852655e+00,3.507122164013219412e-01,-2.094731868902423855e-01,2.093726565102707049e+00,3.041103063446934374e-01,2.786085703775524960e-02,1.680223091814903702e+00,6.060885318316304726e-01,-8.038156101428183264e-01,4.971262599908359281e-01,6.854925348184558453e-01,-3.348145275735960880e-01,-5.558904128448184379e-01,6.970032044010674444e-01,1.318203061772022844e+00,7.515685013892747790e-02,7.429985927611389152e-02,2.278549075186113437e-01,-4.649293294721344449e-01,-1.152177171898896457e+00,1.468835520384874915e-01,-4.976093370544266703e-01,-5.021628858597207978e-01,2.103019085550296430e-01,-4.712125107982263472e-01,6.288009472358695451e-01,-2.252268306188129454e+00,-7.145460975083453015e-01,1.011116352133222263e+00,1.458762161735852325e-01,-4.487343541639024491e-01,-3.341082043271203367e-02,-8.106664612213062560e-01,8.961592550564320137e-01,1.579335891260525093e+00,4.359093979551096343e-01,-5.481493623918332059e-01,9.483496927821530864e-01,6.161419324171796275e-01,1.976498908641202701e-01,-5.216569214617865491e-01,1.152064923507302385e+00,3.305232093157818851e-01,-1.180911645533269105e+00,-8.628482770213082020e-02,-3.436227156707807318e-01,-3.512579850828708161e-01,1.211579316670990808e-01,-1.191889109180576778e+00,-2.988582393249879510e-01,-8.449396538619489139e-01,2.429291382786985878e-02,6.853047361352314626e-01,-8.898934804019107414e-01,1.919913113045896180e+00,9.593497197735523230e-01,1.062155054257532649e+00,-1.424124682026583155e+00,3.364058224339572689e+00,1.554160129566115156e+00,5.683226907352111112e+00
5.491320901089528084e-01,6.968187909696148541e-01,-8.425884070287364969e-01,1.727692192667810711e-01,-6.950484337732935058e-01,-8.182656144202355986e-01,8.321343024414261658e-01,3.685943322875799288e-01,6.673059410576239747e-01,1.363173116706186239e+00,-9.005986562132224649e-02,-9.788975115332088084e-01,-4.587588003133447057e-01,5.588844755024510169e-01,7.912934794895887247e-01,6.369585967619256772e-01,5.117343065840115196e-02,5.321739067161566084e-01,2.397066304203913756e+00,6.234422265157503196e-01,-1.289092368521733922e+00,1.128582754407719158e+00,-3.887684872836068561e-01,5.794318512142341282e-01,-2.084155645802839574e-01,-3.312443179153940487e-01,1.406142028709145286e+00,-1.044824685406326586e-01,-1.112971580448547604e+00,9.154307216074995812e-02,5.720318108112297795e-01,-8.008206309815115720e-01,5.132154315094131780e-01,6.289420473743211337e-01,1.004335941938558019e+00,1.314113757775587032e+00,2.231435291367311891e-01,-5.281709565475999346e-01,1.699975989831896017e+00,7.981931458230370202e-01,1.957281060010579887e+00,4.526755848705051877e-01,1.213166180868590960e+00,-3.957066581800079003e-02,2.511661873684171153e-01,-6.522016307240953159e-01,4.240227005032247143e-01,-1.643109762002560537e+00,7.297879032315764958e-01,1.391690344753692132e+00,1.850549671282483433e-01,-6.223134721857295215e-01,2.788902569659833519e-01,4.371070516451123211e-01,-6.796766496217898634e-01,2.116850588490557072e+00,8.017402009839147414e-01,1.306637815147950521e+00,-7.031423580291398245e-01,-1.416820630387715552e+00,1.342129779322021932e+00,5.880464006032303237e-01,3.724970216743162532e-01,6.654879151526940095e-01,-4.398271512940390426e-01,1.935733607939917056e-01,5.671024823994902375e-01,-8.700433091576701417e-01,-1.272103817346140024e-02,9.810125576264980829e-01,5.493335202786235882e-01,2.564946350147541132e-01,2.255892101443154329e-01,2.051543353008865589e-01,-3.995874943908407917e-01,-1.021375133971420990e+00,-3.765875714783289974e-01,5.154432288982360721e-02,-8.838057905491181199e-01,-6.126129762048962979e-01,1.610983514953722162e+00,-8.783126897008223244e-01,2.089122933895039669e+00,2.992259339971997445e+00,1.124168167918078831e+00,1.481635630287798211e+00,6.027998718048867000e-01,-2.928557606720164075e-01,1.226280744862220939e-02,-1.873711207777654930e-01,6.821926369083750608e-01,-2.240245903044195963e-01,1.124996766615400379e+00,-4.224046788475379066e-01,-3.171893384656018777e-01,2.852117356078240351e-01,2.160518699176158797e-02,1.139332952292494650e+00,-1.992565860109385967e-01,1.366766756131802873e+00,-9.925767907038798854e-02,-1.108131688660697112e+00,1.732214394776072197e+00,-9.201853884031867548e-01,5.538543335204580975e-01,-8.065413779404635441e-01,1.652450141113648963e+00,3.305573814515733733e-01,9.821610871068653381e-01,-2.647477537440023010e+00,6.274285302550546284e-01,2.005098196410398881e+00,-9.606475631946631566e-02,5.241144783243681937e-01,-1.990822184607097256e-01,-1.103841453377592874e+00,5.816887713345130634e-02,1.380223570330277649e+00,1.252310840086257926e+00,7.833148889254644143e-01,8.431318115649532041e-01,8.426745851056406389e-01,1.120190832575001377e-01,-8.718253782289989706e-01,1.172312712242630006e+00,-3.184104771211794249e-01,3.200900717527003225e-01,-2.033443449562638006e-01,-5.090562649633813275e-02,-1.969240616133891009e-01,-3.567861550404396453e-01,-3.200299838252665952e-01,-5.263927804865153881e-01,5.998682444300877659e-02,3.836528657349015381e-01,-4.388334592780104293e-01,1.257649559366645908e+00,3.570132865680101242e-01,-2.332834029817830168e-01,2.131511936439854704e+00,3.284465468815507827e-01,-1.999327708749722154e-02,1.691431290946038501e+00,5.320071586840179334e-01,-7.967678420254624694e-01,5.900262408291656602e-01,6.274114178812106868e-01,-3.274355730089282823e-01,-5.329933771331867298e-01,7.632066179197053435e-01,1.261888034889385501e+00,6.971572777754933559e-02,3.143779025612916667e-02,2.278209042064616163e-01,-4.211535079810189153e-01,-1.179228623877233151e+00,1.486095442768231023e-01,-5.049945833723715749e-01,-5.345273375278285499e-01,1.907540924745092514e-01,-5.010225604238885966e-01,6.026129219404769977e-01,-2.263470716110198122e+00,-7.195188132983043605e-01,1.010857810443267280e+00,1.118628527656450461e-01,-4.644729866865918710e-01,-3.930985901458094317e-02,-8.213624543426049085e-01,8.092116633642126855e-01,1.561462312885866455e+00,4.773682987249761589e-01,-5.638106001917024823e-01,9.490106773685922370e-01,5.496975318631809326e-01,1.823413509356976436e-01,-4.835064290959518174e-01,1.146960564520517201e+00,3.266622281354611967e-01,-1.185454541849435772e+00,-7.378121224181288795e-02,-3.454138076433241333e-01,-2.761758088610918871e-01,6.959432038321729241e-02,-1.232623189550669407e+00,-2.760946819730995538e-01,-7.749669273702762817e-01,3.490434325632152390e-02,7.808940533381099058e-01,-9.068851043585844929e-01,1.937987581750437283e+00,9.728793850019367140e-01,1.059151802259284514e+00,-1.439861850758971329e+00,3.376760619900616156e+00,1.519156246555128931e+00,5.722908346987272132e+00
5.475379401830637871e-01,6.675441706745637305e-01,-8.452559995705417606e-01,2.440619921471455511e-01,-7.513250223246200621e-01,-8.196097889244168266e-01,8.843458695215371534e-01,4.416220557717309703e-01,7.625708733888464375e-01,1.345812341973634751e+00,-1.373466158039655660e-01,-1.014465877905178948e+00,-4.396168657685665115e-01,5.689392615135263620e-01,8.117245793945764287e-01,6.301330078449040029e-01,6.272726454746016533e-02,5.232685363292528535e-01,2.373496302585027529e+00,6.396786508416728578e-01,-1.265462020355712758e+00,1.146194249981982605e+00,-4.153388557920805746e-01,5.480382113207642458e-01,-2.086667925316162964e-01,-2.719592148721381442e-01,1.423405385819782598e+00,-1.239598344488351822e-02,-1.109262285067466713e+00,8.908550277188490019e-02,5.478073515210093447e-01,-7.830046670618296956e-01,5.482924425526167767e-01,6.082569367154427864e-01,1.023771178951020877e+00,1.299802796975104480e+00,2.244998891659694962e-01,-5.103728491778966037e-01,1.733586597153995879e+00,7.995132847323560554e-01,1.967181885657581342e+00,3.821175097995065384e-01,1.230471930613343812e+00,-3.033682443268523321e-02,2.846454644497953268e-01,-6.872989810146603595e-01,4.371315713226177069e-01,-1.555274013147863288e+00,7.207924725283727518e-01,1.444098100718454569e+00,2.437623926133758723e-01,-6.271965995861095156e-01,3.706546487270608869e-01,4.004066415131819490e-01,-7.536012706097382496e-01,2.093554682129937561e+00,8.009690058741470997e-01,1.325992796177631883e+00,-7.374081695592368257e-01,-1.408895109672510193e+00,1.454937221000944136e+00,5.780047463696728061e-01,3.553622282343637528e-01,6.806495188630315996e-01,-3.909066850173550933e-01,1.519874317919480688e-01,6.281466978498078113e-01,-8.491587469860604198e-01,-3.158371230693433201e-03,9.568807870720438258e-01,5.130655768205520939e-01,2.543076867852036016e-01,2.110603114221040466e-01,2.040248431901585391e-01,-3.748927036037269511e-01,-9.569332261798463302e-01,-3.357799449688035898e-01,5.646808313962758258e-02,-8.999143759915251284e-01,-6.258148957724725125e-01,1.606979674651751733e+00,-8.748080865531855377e-01,2.670311147765064064e+00,3.008823001022317811e+00,1.120112571198155660e+00,1.461140150447737041e+00,6.002613059945907104e-01,-2.762628811829662689e-01,9.116066962237542176e-03,-1.873906240528928346e-01,7.368449059970133552e-01,-2.088125216691735786e-01,1.091300654445688023e+00,-4.766246616216823773e-01,-2.898813817888061251e-01,2.028719762440477081e-01,2.654784471161782122e-02,1.148876148291883226e+00,-1.806466214226772893e-01,1.396147588884036450e+00,-8.796964339296797775e-02,-1.171152149199754078e+00,1.759670884400416746e+00,-9.293111471110091504e-01,5.819939503215416643e-01,-7.928477709800436646e-01,1.664800969545969789e+00,3.112905913636191957e-01,9.715102927862054871e-01,-2.537375625554938896e+00,6.373326646328436595e-01,2.040816847219363961e+00,-1.047413324284130753e-01,5.827549233363755743e-01,-1.680536794039777515e-01,-1.097766136865755859e+00,9.617743397886227563e-02,1.356644105793418209e+00,1.266744461600307181e+00,7.905313191463670952e-01,7.795601818910118386e-01,8.012724922461940125e-01,9.428218950683511790e-02,-7.670177320893196704e-01,1.174265339147043896e+00,-3.218081501358055485e-01,2.980425090482654582e-01,-1.826156683976362660e-01,-2.556116150651146710e-02,-2.007664349009799509e-01,-3.373688439376668069e-01,-3.145330532683540681e-01,-6.626062046823475438e-01,3.686215024526669909e-02,4.472879794262429876e-01,-4.311289142906968852e-01,1.255795862714157662e+00,3.503464784179389224e-01,-1.926079878361692810e-01,2.108203279329471158e+00,2.792840166881182529e-01,-3.751123796760822554e-02,1.724330295454209461e+00,5.694395039214380505e-01,-7.937228440281839381e-01,5.381397028235658242e-01,6.810277815793974732e-01,-4.499096329836512753e-01,-5.183191709575086792e-01,7.263900729688628211e-01,1.227307058624519165e+00,1.112782630496965131e-01,3.473964245083212797e-03,2.094917415893782775e-01,-4.610654701396582622e-01,-1.190626176560937166e+00,1.424730668509637532e-01,-4.187319832535653097e-01,-5.275277431388212257e-01,2.044757941792727796e-01,-4.841373954001379487e-01,6.077919917482115242e-01,-2.245148855989787418e+00,-7.478259279230108358e-01,1.044758684632185908e+00,1.267350306371903546e-01,-5.077272500773751807e-01,-5.009237821195730578e-02,-7.774342971348313647e-01,8.868629495359838799e-01,1.569692876627002409e+00,5.069987635863428821e-01,-5.204679031953659551e-01,9.583963750510582358e-01,5.485054076673748780e-01,1.611627198266852579e-01,-5.391087195731549819e-01,1.159718756175028842e+00,3.571233977881732580e-01,-1.126358285529220904e+00,-8.059544879449094534e-02,-3.908607944801399947e-01,-3.182719346177476649e-01,1.009561046596336581e-01,-1.253643115792626883e+00,-2.850725973632955990e-01,-7.841683678441379035e-01,2.676180147352585914e-02,7.406448269509484650e-01,-8.944272238935397912e-01,1.917984448032960199e+00,9.926673076678672603e-01,1.060230682979865113e+00,-1.449780000825710680e+00,3.335011512830875713e+00,1.510748100318348275e+00,5.739411013928391370e+00
5.645594440991777985e-01,6.949182943884961716e-01,-8.495357495755271326e-01,2.303198446223010121e-01,-7.508026135319337824e-01,-7.585182485669941244e-01,8.396566750955249958e-01,4.565151667806127134e-01,7.257482522285900739e-01,1.361082866178510598e+00,-1.101461507931705691e-01,-1.052516972648885440e+00,-4.622185726626446556e-01,5.694308582603434532e-01,7.972980217211341758e-01,6.366883190145337101e-01,3.732721884638531135e-02,5.196338916595528712e-01,2.329946577831226051e+00,6.385525149402817569e-01,-1.230472516436685648e+00,1.112792800565282736e+00,-3.751002578663843456e-01,5.707813857614002506e-01,-2.209384249545331136e-01,-2.804051157931810589e-01,1.414487169804534705e+00,-3.981995560833480677e-03,-1.110125207715156659e+00,8.757782288342844113e-02,5.515978417277062062e-01,-7.802615764846116964e-01,4.924837432014387284e-01,6.191034692949471951e-01,1.001500422296447645e+00,1.314700412014746522e+00,2.303310729337846308e-01,-5.312862850309653107e-01,1.673851241402710910e+00,8.203073459018052072e-01,1.955114078561084767e+00,4.969386226591836486e-01,1.228941747133544871e+00,-1.246169040638591546e-02,2.442445924211456565e-01,-6.794587205452906620e-01,4.273098806672586125e-01,-1.552795821254201458e+00,7.303996915688929503e-01,1.402356214458343020e+00,2.105756479655141455e-01,-5.875611717429874981e-01,3.750632855870340010e-01,4.324622598860321521e-01,-7.399297771578118299e-01,2.094407675171018557e+00,8.515053962736083282e-01,1.324362142053699509e+00,-6.932490393518123684e-01,-1.452571738329133666e+00,1.318737688925308627e+00,5.810860115584403074e-01,3.681409059605143530e-01,6.540295656268545477e-01,-3.828741603357188605e-01,1.337578554836358347e-01,4.614139601716464867e-01,-8.728539432519024643e-01,-3.498667843336265154e-02,1.007271204530904685e+00,5.612315774525108436e-01,2.831163085787586353e-01,1.810253735060675384e-01,2.007048192599358571e-01,-3.941194507346147402e-01,-8.958893591100506315e-01,-2.902613264879401744e-01,1.309571287323455513e-01,-9.165488809900069755e-01,-6.594304167372051495e-01,1.593933374905120770e+00,-8.880266695196746829e-01,2.091499749917193895e+00,2.981629207307720186e+00,1.106707763129233246e+00,1.379548027460260284e+00,6.084695245413962450e-01,-2.819196249512583297e-01,-1.841166839877863854e-03,-1.713589620645712408e-01,7.177256238946357891e-01,-2.702396345757182017e-01,1.075205425102759627e+00,-4.367674359269050899e-01,-3.097782509683549290e-01,2.792355009761801066e-01,5.853618411480476791e-02,1.191627345431762519e+00,-1.677981814336388100e-01,1.389867501325138033e+00,-1.036111735999989542e-01,-1.262951153233598189e+00,1.726653328809940158e+00,-8.992022172565669047e-01,5.779476926965376737e-01,-7.803791918806414207e-01,1.637188179437707003e+00,3.477060252851942868e-01,9.530823990266772405e-01,-2.613329561663417788e+00,6.162920357766469293e-01,2.050025658474482704e+00,-9.472293976548172567e-02,6.306604559179022074e-01,-1.776206567687621252e-01,-1.100007254807238599e+00,1.256776627657852363e-01,1.359966183951628382e+00,1.261968607048423952e+00,7.567357656869668769e-01,7.836957822376923177e-01,8.106795016009613608e-01,1.262814777609213013e-01,-8.159332354963524381e-01,1.184727477443253241e+00,-3.645278271748523258e-01,3.511704880258336159e-01,-1.696033771444654115e-01,-1.479908551886654350e-02,-2.024769559283126907e-01,-3.175603295577435481e-01,-3.186461120824621296e-01,-5.486751612738738348e-01,-9.759973668562481330e-03,3.485124025708674633e-01,-4.320129936633104739e-01,1.218714588242205688e+00,3.682761251467389085e-01,-1.740133785699753688e-01,2.112329838341512112e+00,2.967127652738489885e-01,-1.988908561247702562e-03,1.729523928191643689e+00,5.627299779742102048e-01,-8.400305355133619312e-01,5.881744708775722419e-01,6.901394796539681575e-01,-3.301425736052404636e-01,-5.232613554401727152e-01,6.714809329342870114e-01,1.262388715360801328e+00,9.802404268310474511e-02,-6.703878694989475612e-03,2.180377309556087162e-01,-4.601474540676724900e-01,-1.238231613797370345e+00,9.250841303512621905e-02,-5.220286997125966888e-01,-4.902639609488189110e-01,1.457544212276165319e-01,-4.521573647063886203e-01,6.250496675157358739e-01,-2.227224473489775480e+00,-7.164647650202857765e-01,1.046556747427100031e+00,1.186024117778985421e-01,1.345927392032415071e+00,-3.906720088053677875e-02,-7.586929313739061431e-01,8.889232142912807388e-01,1.571279960631479122e+00,5.437988648211936615e-01,-5.298254432299633887e-01,9.465669887016823214e-01,5.152433017209860910e-01,1.483288949338960327e-01,-5.230730180447459299e-01,1.164597914500234754e+00,3.250074304563424499e-01,-1.102473112273728351e+00,-9.439194199469717883e-02,-3.512507275486712044e-01,-3.608583431351266579e-01,4.699905422772385211e-02,-1.227620399119393246e+00,-3.114505718403155488e-01,-8.006972521320223635e-01,8.710221122194695964e-03,7.496174182963194488e-01,-8.832312046413071105e-01,1.924552878340842987e+00,9.807797003279814518e-01,1.061298142796733401e+00,-1.403092409389855133e+00,3.363385728931915342e+00,1.547046894086397506e+00,5.745813876447606994e+00
5.394578676293679820e-01,6.795306111181955711e-01,-8.433242321691274412e-01,2.004926833288852572e-01,-7.685295515207203332e-01,-7.668058518317146799e-01,8.600512973288689800e-01,4.683706829334892130e-01,6.750684271266400582e-01,1.390587240567868088e+00,-1.161306854850364390e-01,-1.021326891841546125e+00,-4.826312417348534445e-01,5.600533309787882885e-01,8.640367688514896116e-01,6.815566220267681441e-01,3.310926946238913759e-02,5.341587896770202404e-01,2.409958488297601953e+00,6.243700897367605585e-01,-1.249121959390922854e+00,1.138472751356289780e+00,-3.802270225954328398e-01,5.312046602736890666e-01,-2.113555113750528458e-01,-3.839298354450031425e-01,1.427775801806286049e+00,-4.776221036453384694e-02,-1.103132728448871003e+00,7.676844537202213992e-02,5.782321975132399539e-01,-7.685942934531498905e-01,5.061857557749871450e-01,6.584520070543601333e-01,1.034659458949077182e+00,1.339525848686197396e+00,2.297776879067992273e-01,-4.952637972021943780e-01,1.651240013810596929e+00,8.337467813351588930e-01,1.964646309981398442e+00,4.339214014674283582e-01,1.208867701666558547e+00,-3.954360378681047450e-02,2.874986506300504230e-01,-6.934861149362724353e-01,4.378456671631767438e-01,-1.545984795096961628e+00,7.140092440532621598e-01,1.404604060222329753e+00,2.328434725895481561e-01,-6.220550036888821133e-01,3.024943596205068030e-01,4.540749932630903096e-01,-7.593399245075018733e-01,2.095840182396703000e+00,8.366508214955871159e-01,1.321069065268330789e+00,-7.415902828904069599e-01,-1.430878275925449916e+00,1.424409409733056853e+00,5.730053889177995075e-01,4.019024924908114471e-01,6.970255259844411189e-01,-4.076454494424574526e-01,1.642436194941809258e-01,5.742440647763180639e-01,-8.504513647104324781e-01,-3.645973158823060441e-03,9.739109711664244440e-01,5.578806972790711916e-01,2.309752500110313633e-01,1.961558397249506536e-01,2.092127342941744739e-01,-4.213080247212366847e-01,-9.667279219114304212e-01,-3.348488940313190110e-01,1.284199577440511553e-01,-8.465966604271674134e-01,-6.432549629402793956e-01,1.617465832438689910e+00,-8.499556302666061436e-01,2.060529878184226948e+00,3.019354386955227287e+00,1.200120004101597804e+00,1.470990547714898788e+00,6.385418182565534284e-01,-2.676363318991317186e-01,-3.437232201175285246e-02,-2.063207094340968328e-01,7.332952039310387526e-01,-2.376980702745649932e-01,1.094429512007887073e+00,-4.427444711113492914e-01,-2.562859605538008179e-01,2.213315844725014248e-01,3.025242955066636749e-02,1.182150662140726949e+00,-1.657200741851062031e-01,1.398867597578235644e+00,-9.124717776600234365e-02,-1.130707905975984140e+00,1.746817401799396041e+00,-9.176028505136684110e-01,5.843195107771202990e-01,-7.935414076069067235e-01,1.652570796013653531e+00,3.387896377575236317e-01,9.761747139476175672e-01,-2.600463758320155083e+00,5.963977285264515649e-01,2.018448043034323902e+00,-1.185368825834503398e-01,5.572774437169740747e-01,-1.843253624138026792e-01,-1.081574174335722560e+00,1.477686140435624240e-01,1.368805935464532553e+00,1.264369158656086567e+00,7.725778117673390843e-01,8.342501757353656400e-01,8.688560227489551258e-01,1.175912438428987072e-01,-8.675020383257918688e-01,1.185087819231077866e+00,-2.775105116244649950e-01,4.021573878747635722e-01,-1.749939105854657062e-01,-2.384730027486708231e-02,-1.944662222313209288e-01,-3.319193793632482237e-01,-3.040266455192660033e-01,-6.339247699371077793e-01,2.688041243055928550e-02,3.855283793728696007e-01,-4.471501808457591931e-01,1.255055330965443083e+00,3.608085145580636199e-01,-1.984923636274542602e-01,2.083131489020498162e+00,3.490801182029147354e-01,3.058971226056012363e-02,1.676935684301172014e+00,6.073649338309164980e-01,-8.184977382945873847e-01,4.949609401202215153e-01,6.316700467573761468e-01,-3.408922621693480925e-01,-5.028164996765587258e-01,6.816708458167913820e-01,1.317277189831353335e+00,1.099437682940037631e-01,7.967840191111906500e-02,2.060366319801378854e-01,-4.580110654878127852e-01,-1.228840523564884268e+00,1.040544698819978603e-01,-4.966816939353831395e-01,-5.566513138330837496e-01,1.871277728229998605e-01,-4.595243857751119543e-01,6.398970272240592783e-01,-2.218324202788602317e+00,-7.463476042136719668e-01,1.035592536438598943e+00,1.426820100142816572e-01,-4.456533844949116530e-01,-3.467370907037228139e-02,-7.475577293288040437e-01,8.275562049400598807e-01,1.574084197491920634e+00,5.034012305193007464e-01,-5.228091351249650742e-01,9.551972731808621164e-01,5.379284273802710237e-01,1.627810850940223375e-01,-5.315952885861658928e-01,1.158760612193317385e+00,3.704775543676733784e-01,-1.207821329412152922e+00,-8.921670860435532147e-02,-3.301777954830332207e-01,-3.035928809585644039e-01,4.111721398758907270e-02,-1.226713509737548335e+00,-3.170394850374963491e-01,-8.345740243905230837e-01,2.232858329440739337e-02,6.991824832225029818e-01,-9.341842086685550051e-01,1.931362384951518019e+00,9.815559290775295320e-01,1.070378847698984170e+00,-1.429999525247326986e+00,3.333827943545096151e+00,1.543045171049485687e+00,5.751588856262125127e+00
5.586822331227582206e-01,6.628687547712962536e-01,-8.487308078283088975e-01,2.331235040983656581e-01,-7.397281177245480510e-01,-8.214913720077715586e-01,8.660178108617854198e-01,3.390789627625518388e-01,7.405314261349772442e-01,1.366410037123250598e+00,-1.182848739047303727e-01,-1.003118951150922644e+00,-4.388084473275015163e-01,5.639256084450443574e-01,8.201995988891189748e-01,6.413468182990890165e-01,5.015517536378471392e-02,6.041243698288971675e-01,2.357612283007978871e+00,6.533402291639295312e-01,-1.301632961003718281e+00,1.153353067820857225e+00,-4.021024448355059455e-01,5.399648585144912749e-01,-2.068727445713627877e-01,-2.895300368945356029e-01,1.365842551364595092e+00,1.150296208424837069e-02,-1.135018878489861605e+00,1.017299029000397065e-01,5.305744914708949711e-01,-7.754788240339303140e-01,5.246259573225489081e-01,6.149778855402476818e-01,1.024551579516580713e+00,1.327096326893869582e+00,2.351721326761808950e-01,-5.292798221190750940e-01,1.680698677536829333e+00,7.899532484480115135e-01,1.964711089957832835e+00,4.642108768379340500e-01,1.205010453384015134e+00,-8.043428423153259343e-02,2.961686477318731803e-01,-6.794656858709378078e-01,4.708702272377164877e-01,-1.672606554926261202e+00,7.147021171159316788e-01,1.398770449912169811e+00,2.062570490707363313e-01,-6.163947149936562786e-01,3.750747575175151227e-01,4.165084040717709768e-01,-6.919278703150458787e-01,2.091769452041766009e+00,8.530435733095581563e-01,1.313440716390462892e+00,-7.172872505538154808e-01,-1.454987893401637811e+00,1.465927970369428346e+00,5.669630864426329353e-01,4.380506228813943470e-01,6.781951728058237538e-01,-3.786061371215749261e-01,1.591383575959558483e-01,6.165353562182519509e-01,-8.509129663845297342e-01,9.133131079637122479e-03,9.480961027672965002e-01,5.327196974257334405e-01,2.587213314318481672e-01,2.005043432770698686e-01,2.053615232598485774e-01,-4.328460102072198001e-01,-9.530993471339295198e-01,-3.494331635798310076e-01,5.407481668116615597e-02,-8.373595760991986436e-01,-6.553933214053986323e-01,1.588130064004064312e+00,-8.399139615012527482e-01,2.091376212579721283e+00,3.018558298900944070e+00,1.100292095392343628e+00,1.481223093720090311e+00,6.030414785810745970e-01,-3.102269091724002004e-01,5.740927677308932733e-03,-1.829621711686950092e-01,7.496941368230074509e-01,-2.441085993914473840e-01,1.077643603816667461e+00,-4.847542865293290038e-01,-2.327885036672269481e-01,2.006498773324305873e-01,2.999383057055046709e-02,1.183950413833141813e+00,-2.083881457121038727e-01,1.398742497595195422e+00,-8.996663876511257207e-02,-1.242285007195428115e+00,1.698542863138989834e+00,-9.228391146689549629e-01,5.537478473110604149e-01,-7.961764098482750907e-01,1.676767205447452058e+00,3.218535944878582744e-01,1.012241930727153516e+00,-2.612266099602468916e+00,6.167754508914787825e-01,2.033654562874863458e+00,-1.616443653325358720e-01,6.037761482843844174e-01,-1.694969286111067397e-01,-1.086135895835840692e+00,1.235213381526529403e-01,1.354023899405295550e+00,1.267594231524792336e+00,7.470605555524938435e-01,8.350733353604792297e-01,8.000871823593178611e-01,1.199733712778780631e-01,-9.133789623262387192e-01,1.195672425643718118e+00,-3.154735725124816481e-01,3.295827945361555766e-01,-1.824123483000911761e-01,-4.050071959553947637e-02,-1.942190257125903097e-01,-3.334054632785014016e-01,-3.268384076746993494e-01,-5.845092757181893361e-01,5.487522932705289624e-02,3.608394562195924582e-01,-4.344834434703737092e-01,1.255289983661342701e+00,3.549173984798564274e-01,-1.992420637372393499e-01,2.124462426299972506e+00,3.350774658619807278e-01,2.599170212281707443e-02,1.779462233925421799e+00,5.602001978212045596e-01,-7.917072024510057870e-01,5.208595534808897476e-01,6.182025270434965414e-01,-3.732141771454168255e-01,-4.994917298439591202e-01,7.778307461954854229e-01,1.297681711873407417e+00,9.148866113440708159e-02,4.783557774192422063e-02,2.319252506825384696e-01,-4.629737608960889927e-01,-1.232111577122312784e+00,1.221741806471619285e-01,-4.689067253526638668e-01,-5.358694359776253746e-01,2.351391635420884141e-01,-4.706111219590725092e-01,6.374530504285058630e-01,-2.302544085134633711e+00,-7.086735372742034578e-01,1.032993879379563218e+00,1.436281681581243475e-01,1.385357121608038256e+00,-3.327535382040068546e-02,-7.569413266560643949e-01,8.673226143102005237e-01,1.557109561542404208e+00,4.681747650606004618e-01,-5.378638642283171123e-01,9.912126110747260244e-01,6.006038378808981060e-01,1.876739505497770355e-01,-5.274858526817625126e-01,1.163651489846903475e+00,3.444938923406122844e-01,-1.195015759570489777e+00,-1.108924512818756231e-01,-3.854618489856286856e-01,-3.334233590811655490e-01,7.394217367645199157e-02,-1.230343133205596517e+00,-3.238562607579407171e-01,-7.847642920867058391e-01,6.331266881352176634e-02,7.413660441075388130e-01,-9.114554558882148605e-01,1.905699404807339459e+00,1.001546398846828945e+00,1.067590832347650842e+00,-1.452777036840201985e+00,3.388579652652223828e+00,1.512077549821065015e+00,5.771492538925821592e+00
5.627815055809938238e-01,6.949469023189366323e-01,-8.248488825690102333e-01,2.341436904653609319e-01,-7.646464974700979411e-01,-7.848295878867147524e-01,8.866147787958988946e-01,4.452756900160990683e-01,7.209344103486701183e-01,1.358960994495606478e+00,-1.366337113679858273e-01,-9.573180617902558032e-01,-4.551951655509621775e-01,5.586045098418195298e-01,7.957662245149580427e-01,6.343433611612596668e-01,5.079007722674362679e-02,5.403784040193061466e-01,2.368595457868210463e+00,6.554746125948571756e-01,-1.251340077944323115e+00,1.154763627189900888e+00,-4.209488473115438611e-01,5.482724500228672859e-01,-2.076239095567971871e-01,-3.934129064728421055e-01,1.410151878302233097e+00,-1.089730137690984868e-01,-1.086860764102697274e+00,1.064005362335448818e-01,5.660386698890377266e-01,-7.572368393325824565e-01,4.924746456941503925e-01,6.199377261555201191e-01,1.017156917100903391e+00,1.331061739451423698e+00,2.155628444913976205e-01,-5.278472211144138448e-01,1.715044285313577888e+00,8.434003428865519680e-01,1.921997348797248373e+00,3.948828498194358883e-01,1.223644668371315802e+00,-2.528894115753047012e-02,2.836242443566410754e-01,-6.716917368639743202e-01,4.332493228778200312e-01,-1.659492509509337355e+00,7.166929858880051185e-01,1.397741388127841544e+00,2.180967310066734277e-01,-6.134016230686584192e-01,3.017342581588853268e-01,4.463367252546716624e-01,-7.266061590778104540e-01,2.098734279948235582e+00,8.510109299401733551e-01,1.315997879182354779e+00,-7.387888397774882154e-01,-1.424879445390247357e+00,1.437191965934600413e+00,5.618206152400525566e-01,3.786602388954719567e-01,6.496692303013120728e-01,-3.805094485973717910e-01,1.322483872244518133e-01,4.589362268127195610e-01,-8.416773389336323907e-01,4.606631790026448348e-02,1.001716222978246584e+00,5.069107455358864422e-01,2.521226643232008513e-01,2.089807831747468037e-01,1.975106283320364198e-01,-4.115195863037441337e-01,-9.447340955982101995e-01,-3.266519655639479325e-01,4.633554587667438468e-02,-9.006959249030256354e-01,-6.429302198511337441e-01,1.640579689209038072e+00,-8.784400341159572800e-01,2.671104054562983166e+00,3.011577166805945449e+00,1.079754456651362604e+00,1.475158996879561091e+00,5.847554309741409551e-01,-2.751187199812998307e-01,1.735706665251840648e-04,-2.205467200538972772e-01,7.273307303039840965e-01,-2.136423490387823199e-01,1.089734316621437937e+00,-4.626896391195766678e-01,-2.476739430986890922e-01,1.942544515534294358e-01,1.258247745816394418e-02,1.170808770467927751e+00,-1.831034872981099348e-01,1.415737121060413717e+00,-7.096112732976887771e-02,-1.111647729379539928e+00,1.752824196687383207e+00,-9.364978715837999346e-01,5.869710849403930730e-01,-7.992939966898345849e-01,1.645079874454558944e+00,3.164532037027614764e-01,9.612801327080314762e-01,-2.536961344994353773e+00,6.227452954584590250e-01,2.057071180431144786e+00,-1.380137315401533671e-01,5.722192917506059295e-01,-1.608143989010082653e-01,-1.100665378768684644e+00,9.776211876323387395e-02,1.365733762875191770e+00,1.260249042323974500e+00,7.861004457750819796e-01,7.746214280647224504e-01,8.164046669006668200e-01,9.500412938444902089e-02,-8.165639243702129679e-01,1.184521256600996386e+00,-3.244334873975152633e-01,3.673311472791467303e-01,-1.693993221213530576e-01,-2.661890847643882257e-02,-1.847602454656541715e-01,-3.369233058074374010e-01,-3.195512094130579239e-01,-6.663137128653920938e-01,3.429058861606106012e-02,4.585190864628940766e-01,-4.430788013467445996e-01,1.247883725016206480e+00,3.571251612632473926e-01,-2.212697199110902346e-01,2.134611992197335439e+00,2.863232178889462132e-01,-2.264443027152996182e-02,1.725801075201797152e+00,5.497106068050096050e-01,-8.003680505883897789e-01,5.260408265009522966e-01,6.769631008315702969e-01,-3.330184157835032188e-01,-4.620873582829159720e-01,6.926183096776223902e-01,1.228872423606012898e+00,8.631678861284326765e-02,1.113190153839307278e-02,2.180383157975387953e-01,-4.575935495352915217e-01,-1.182074080866207355e+00,1.549212290838178074e-01,-4.333070520724736641e-01,-5.266495171459356639e-01,1.953007375310916449e-01,-4.815448563665361559e-01,6.261069699147476797e-01,-2.246205235072540773e+00,-7.476265002429651751e-01,1.019549805104073670e+00,1.246509066161149981e-01,1.387599526186765075e+00,-5.056512328149578850e-02,-8.002119288441806866e-01,8.832298774030188371e-01,1.573091941101225189e+00,5.216829252534980199e-01,-5.261537434819399950e-01,9.455176312955515527e-01,6.542042299747106160e-01,1.749929006274956178e-01,-4.747801010055928694e-01,1.159516960517648521e+00,3.173993640430273766e-01,-1.116282642619799148e+00,-8.845288137891832436e-02,-3.691669663954529890e-01,-3.486682513848844978e-01,9.553971638194345972e-02,-1.238153709680759329e+00,-2.778788234850429473e-01,-7.842107112190898066e-01,2.131417438295494376e-02,7.541685990150391872e-01,-9.004373194543363601e-01,1.906420966773938019e+00,1.005668190815012020e+00,1.068391018736604581e+00,-1.439052627882778879e+00,3.327967236362078918e+00,1.549663999083501054e+00,5.860667869837086208e+00
5.531538985935565700e-01,6.633217915075600990e-01,-8.166193671303770829e-01,1.971278383032208370e-01,-7.614614581086448508e-01,-7.906481750712145429e-01,8.493943698123552766e-01,3.511492700539371459e-01,7.521872573291761288e-01,1.322424495569034519e+00,-1.334623082461871835e-01,-1.019568192152521480e+00,-4.618886056663060180e-01,5.734177773913189391e-01,8.191514564173182356e-01,6.391036418439987044e-01,4.879233889855128653e-02,5.961777252368699598e-01,2.379673088589782548e+00,6.515930437937038633e-01,-1.265563305737361421e+00,1.153569971316627862e+00,-4.417366200841785773e-01,5.543945506432143011e-01,-2.111689530901266765e-01,-2.898433102216749768e-01,1.435544865709411422e+00,-1.075411698747227585e-01,-1.092851938444630688e+00,1.040592899699333690e-01,5.606053505421030314e-01,-7.597865355320081449e-01,4.857570673475203882e-01,6.103313644434434915e-01,1.009332739111467925e+00,1.304990395044792084e+00,2.378126773023752361e-01,-5.153555260053960252e-01,1.709633150339424423e+00,8.152958815210231691e-01,1.945325226059144486e+00,4.635680741891563539e-01,1.248645037892083032e+00,-3.606575861030348468e-02,2.438071478191797536e-01,-6.632658881264571482e-01,4.532516564114278390e-01,-1.553005425089310609e+00,7.199559512939536221e-01,1.445586221849828990e+00,1.790964112778807849e-01,-6.073027937934678544e-01,3.705689795289938138e-01,4.202986928084000984e-01,-7.759453620057432666e-01,2.087598221472049431e+00,8.477194593247333598e-01,1.302918707994289216e+00,-7.088917735805604359e-01,-1.449864428798526950e+00,1.445763276933118791e+00,5.730513189919012040e-01,4.085051962219493626e-01,6.649146225216335804e-01,-3.848400848436063781e-01,1.700656307811073686e-01,5.566118685920751208e-01,-8.210519363192081421e-01,8.667004554035521308e-03,9.756895232318629763e-01,5.623607823616867396e-01,2.340368400247894165e-01,2.025541510569847103e-01,1.914878477079911268e-01,-4.087798808411899354e-01,-9.579246742039077001e-01,-3.265873461658720389e-01,4.447594034419729420e-02,-8.486715004230014348e-01,-6.612914249270561706e-01,1.612407510403652156e+00,-8.500037533929045708e-01,2.064335900232688203e+00,3.004026858960970436e+00,1.113967730988639770e+00,1.451425950244150886e+00,6.006155687063345905e-01,-2.872990892232272220e-01,-1.342774313509495152e-02,-2.060800772681862236e-01,7.291653899983837617e-01,-1.968866977312949684e-01,1.075031855033199646e+00,-4.492450324754809765e-01,-2.452524153913901439e-01,2.155691554386064968e-01,2.432691600005963337e-02,-1.376810465370181535e-01,-1.807797150405917319e-01,1.407798546112195570e+00,-8.935253553154411110e-02,-1.169077107861722364e+00,1.764711001096332277e+00,-9.226678677776337656e-01,5.800280813843802230e-01,-7.788825419808130812e-01,1.633065309129748011e+00,3.220972591123132944e-01,9.998296965056291397e-01,-2.539510103332833335e+00,6.162631463066237103e-01,2.042767667989837665e+00,-1.246895308469377350e-01,6.272997479307470536e-01,-1.714748331784927415e-01,-1.086750175567948062e+00,9.282483496022303493e-02,1.321298433068888389e+00,1.285638918766951022e+00,7.425052252593365987e-01,8.265848650844092038e-01,8.698173575375931499e-01,1.272917879668011565e-01,-7.697432223130390438e-01,1.176666967432595357e+00,-3.068638497565596701e-01,3.336313437471261079e-01,-2.208100918973950333e-01,-5.852137648988173235e-02,-2.202754309811311983e-01,-3.590858083784160826e-01,-3.268952575635108437e-01,-5.752245572662072481e-01,2.821753991763501640e-02,4.057591484618015554e-01,-4.539536169935706189e-01,1.252901050561744167e+00,3.409139878249333733e-01,-2.105837601730683184e-01,2.112983096374272840e+00,3.248595037772878391e-01,-2.997561534724614563e-02,1.725902503512887654e+00,6.093532358010947947e-01,-8.297027823066588370e-01,5.852833499924805505e-01,6.790930385110961476e-01,-3.460525902015801347e-01,-4.689632455019076551e-01,7.287946284372867067e-01,1.270361878838997649e+00,7.980611149909556945e-02,5.028182210671835323e-02,2.291265662121727276e-01,-4.399276851719841619e-01,-1.170148979445670534e+00,1.339402629190466765e-01,-5.058243169778438020e-01,-5.278910208190554787e-01,1.532288438060431801e-01,-4.874338763106711991e-01,6.276718822957499944e-01,-2.207156389537277441e+00,-7.029478392627485084e-01,1.011316854401074217e+00,1.347654002011157703e-01,1.347481079872888010e+00,-2.815372434857068423e-02,-7.389538790745350250e-01,8.786977706560451518e-01,1.557960800414186942e+00,4.977798546569948690e-01,-5.452290887726375379e-01,9.198968899958027690e-01,5.945206699301350817e-01,1.703852939678689171e-01,-4.462522234756564621e-01,1.143950000101481290e+00,3.285082509375133464e-01,-1.190546846229789457e+00,-1.083884230504729707e-01,-3.536322237816946767e-01,-3.605558261991783087e-01,6.640896473507089393e-02,-1.228160606125723309e+00,-2.853700131302258081e-01,-7.909630747687230734e-01,6.742373540075170812e-02,7.027430654179793734e-01,-9.502291308680608228e-01,1.938720507142671190e+00,9.928461376129746885e-01,1.051738242424657743e+00,-1.422412459497315762e+00,3.369842002980199869e+00,1.529585038906933647e+00,5.879482406017752183e+00
5.523292884028142558e-01,6.639651093828051742e-01,-8.066436421646574484e-01,1.749848517531335246e-01,-7.533151920246142774e-01,-8.163307565894321050e-01,8.244119934286866513e-01,3.695003533973351129e-01,7.765877313594965470e-01,1.343526359552954519e+00,-1.334885415314329971e-01,-9.801538124606733460e-01,-4.811746192681816137e-01,5.588687490117908441e-01,8.004122165598748229e-01,6.502142068715276446e-01,4.751711557814396192e-02,5.100939872206784464e-01,2.365784851232037855e+00,6.384820950829013242e-01,-1.238641966410136241e+00,1.142359697417070885e+00,-3.793307574246270741e-01,5.408518091249667759e-01,-2.373494132892522424e-01,-3.897039977247855891e-01,1.398939032939806815e+00,-2.702399674081725975e-02,-1.099501508831733698e+00,1.058731361436561491e-01,5.855288614184939178e-01,-7.754114765109798579e-01,5.058058127056767050e-01,6.163836606417990582e-01,9.794106625914494879e-01,1.316124581422383644e+00,2.316192617000728815e-01,-4.962982030443299220e-01,1.680908836560257580e+00,8.388207483764977823e-01,1.954118475469803551e+00,4.630332674681634231e-01,1.202286655278570260e+00,-2.435069937417252972e-02,2.425876338816108091e-01,-6.623404014676318452e-01,4.786263212296364422e-01,-1.646215435560734353e+00,7.451815448942952225e-01,1.402018277002359925e+00,2.263833795963067219e-01,-6.358515830363367094e-01,3.943892482424809498e-01,4.348891711814999450e-01,-6.876077038890111570e-01,2.062952150487683323e+00,8.397821408807889521e-01,1.308195297143881497e+00,-7.479328380720889902e-01,-1.408822166110011320e+00,1.420937097084236322e+00,5.861963516309049993e-01,3.706126325150543299e-01,6.673193252887199556e-01,-3.966715834327792511e-01,1.605664276381449096e-01,6.137665555504518977e-01,-8.763216187536732038e-01,-3.280630029788045819e-03,9.538942884251448984e-01,5.563699796121200913e-01,2.352268226136476625e-01,2.090890165154684621e-01,2.141713680429880307e-01,-4.174963458131932259e-01,-9.645556888265215401e-01,-3.355375902314498560e-01,7.205253172039231824e-02,-8.506296997145595951e-01,-6.200839892824925315e-01,1.648124149373032754e+00,-8.474072852440653891e-01,2.090754771555393798e+00,3.005883002952875582e+00,1.105181454905348248e+00,1.369754596267291236e+00,6.164541637449101330e-01,-2.604168473940903228e-01,-4.032422238173707235e-03,-1.778660244914565813e-01,7.064760812179617933e-01,-1.765070321382470886e-01,1.109587809001267411e+00,-4.377311305775946071e-01,-2.338373702687501499e-01,2.115923952470548652e-01,2.725259081673733416e-02,1.171318895441569863e+00,-1.626904236076781585e-01,1.365814029129392759e+00,-8.749870264971201794e-02,-1.254026047188079085e+00,1.750350659788876495e+00,-9.061010988858257953e-01,5.454931250958251487e-01,-7.957336743234750820e-01,1.646256564169163550e+00,3.350806969506456290e-01,9.956809794137890801e-01,-2.592866335545292777e+00,5.947345183845044181e-01,2.028494297415837533e+00,-9.459930552061622533e-02,5.605642330960358688e-01,-1.518699561875415938e-01,-1.109686430857556916e+00,1.015751726172798852e-01,1.358939870818711926e+00,1.255320109027747044e+00,7.866173240595230043e-01,8.311433170972333251e-01,8.235355585306910475e-01,1.150252809961671979e-01,-8.699644814018242522e-01,1.215370338527131722e+00,-3.159047780028423902e-01,3.695397957272630318e-01,-1.844773134591943253e-01,-1.497135124417562323e-03,-2.119195442540124374e-01,-3.409111919514993261e-01,-3.186641920462428557e-01,-6.359569363397432618e-01,2.802661204349107121e-02,3.651099638781380996e-01,-4.439597529406620335e-01,1.247122225887962399e+00,3.565767346696691598e-01,-2.000379291955696470e-01,2.086982933777635552e+00,3.119204056771305855e-01,2.616219401288342322e-02,1.729701634389657405e+00,5.420922878466074568e-01,-8.197583650750945861e-01,5.704372620049792397e-01,6.845668345249109610e-01,-3.339660667002310457e-01,-5.503300426708073179e-01,6.803256362985933281e-01,1.244082603721657243e+00,9.724852600087213750e-02,5.436027664486747790e-02,2.109369483148891555e-01,-4.687888275987365794e-01,-1.229257372396985515e+00,9.195773023352159237e-02,-5.087976253040702446e-01,-5.248984156460471118e-01,2.386397625840819547e-01,-5.019104264599929532e-01,6.529145553296960003e-01,-2.278130154797482376e+00,-6.828647473636562104e-01,1.003831686028050063e+00,1.357951397337429367e-01,-4.745693803294656621e-01,3.240495927392984810e-03,-7.480355826526515761e-01,8.488683736435403970e-01,1.562585489552811735e+00,5.146431735818145503e-01,-5.496513368217915696e-01,9.439534831591720465e-01,6.335948291355955053e-01,1.829322088869382579e-01,-4.669063448743342448e-01,1.143539205325590613e+00,3.473590159881757566e-01,-1.157586537204984500e+00,-7.615432649719897085e-02,-3.250187158027147971e-01,-3.087794284059806049e-01,4.170297756571692688e-02,-1.125697854088282268e+00,-2.677538455538653883e-01,-8.313275626990154210e-01,1.667444703407641726e-02,6.965905496534239294e-01,-9.163312644811772989e-01,1.874221970188675312e+00,9.579994333762975600e-01,1.045547914907632769e+00,-1.426058857560136506e+00,3.371546847782795009e+00,1.512039775778861062e+00,5.936028060671830531e+00
5.556531378720888092e-01,7.133712972325710888e-01,-8.547515204761799712e-01,1.780776550871427943e-01,-6.846267189033796718e-01,-7.983996040914956849e-01,8.586647801271232172e-01,3.238982981354033286e-01,7.861323341747846749e-01,1.386565989727934989e+00,-1.015180711010937042e-01,-1.023273985233749794e+00,-4.682435953739217394e-01,5.578550869450294991e-01,8.591659180202868562e-01,6.978769224331967669e-01,5.162888910734745457e-02,6.145127176931999280e-01,2.424677255011616239e+00,6.405074603121770904e-01,-1.278388814002605844e+00,1.127571864034929261e+00,-3.798041865851676802e-01,5.388133806088017952e-01,-1.883525302749679275e-01,-4.004035857883587179e-01,1.376872809391731511e+00,-1.134269067619951971e-01,-1.133004041078107038e+00,7.801382074821028301e-02,5.458347896354951434e-01,-7.768830451019140826e-01,5.035374893448731903e-01,6.140733979354808802e-01,1.036103826172903419e+00,1.306777936447213850e+00,2.124979133042356194e-01,-5.539380623963996442e-01,1.679809697742560060e+00,8.261354558472454590e-01,1.915599713129093384e+00,4.634484778079251965e-01,1.207390141574376630e+00,-1.245116139889722306e-02,2.938008860547343670e-01,-7.587534556157857768e-01,4.512657105950608205e-01,-1.656640198647138407e+00,7.284084886318319407e-01,1.382402645994684764e+00,2.868555607349405068e-01,-6.028002195836872357e-01,3.574279514043231520e-01,4.142854511810487583e-01,-6.774467505187279359e-01,2.084525833425912911e+00,8.245742373026154759e-01,1.323848447458263911e+00,-7.020416281351133936e-01,-1.496544897338435876e+00,1.441143524320138036e+00,5.334068583672768593e-01,3.718766810551674129e-01,6.604018376086584485e-01,-3.774832869990080164e-01,1.904388428716879411e-01,5.511581163581311671e-01,-8.478229215534108798e-01,1.868103553215188367e-02,9.947879442241823744e-01,5.562271210052430748e-01,2.515680696638877278e-01,1.889926464792208161e-01,2.065965244789190747e-01,-4.136885550690926894e-01,-1.007717951806153200e+00,-3.163584965062776200e-01,7.612721180542517119e-02,-8.994933727221551267e-01,-6.535014978256059592e-01,1.592347225780918141e+00,-8.601817252407213399e-01,2.683451046243422233e+00,2.979674863584615530e+00,1.112003752057056261e+00,1.432512301560918022e+00,5.861255454554439304e-01,-2.787010464610167326e-01,9.795766686989636207e-03,-2.055449750563630718e-01,7.388944317902862435e-01,-2.418536870040737530e-01,1.086794135352232349e+00,-4.675529098957607599e-01,-2.950843065635727624e-01,2.006882585977381173e-01,2.138986723738553475e-02,1.144093130642628742e+00,-2.226571652261852552e-01,1.355873549708499048e+00,-1.284217080920294629e-01,-1.118001440251793710e+00,1.767704846186533674e+00,-9.347150023053917289e-01,5.564339574943333311e-01,-7.981348171458151342e-01,1.629196090391426210e+00,3.599823999690845988e-01,1.004671897650983636e+00,-2.608475739606077592e+00,6.215330633751681155e-01,2.054976803465270674e+00,-1.487114852925478514e-01,6.103238192299036413e-01,-1.341263364454302054e-01,-1.098907226860594166e+00,1.138232737096588204e-01,1.321305644037573002e+00,1.253587512478907984e+00,7.697794893512601710e-01,8.557792675080800882e-01,8.640329898456378110e-01,9.421688167316934204e-02,-7.724786309905113946e-01,1.181617194116494352e+00,-3.127346085654137964e-01,3.178169306560351126e-01,-1.964208991033599694e-01,-1.791679786123740251e-02,-1.627030740097124006e-01,-3.252837746073470315e-01,-3.559103281417104747e-01,-6.392130388201630042e-01,6.216249274107873979e-02,3.844306314115155665e-01,-4.440267773069820345e-01,1.210987242673976727e+00,3.620519620563338870e-01,-1.875510688849383878e-01,2.132464110087381570e+00,3.153141227541528258e-01,3.331488123477514829e-02,1.737521844137705163e+00,5.802595720291845449e-01,-8.257684867056257483e-01,4.787123913388346419e-01,6.499672265685344508e-01,-3.250513622318326745e-01,-5.348109308064246115e-01,6.777880100451001422e-01,1.285788695654879632e+00,9.185707326604702905e-02,6.466975883077386023e-02,2.106040283084847919e-01,-4.625447714766747764e-01,-1.169494909635337532e+00,1.328688029002485504e-01,-5.025984191376918764e-01,-5.875933223592776367e-01,1.568212672504253336e-01,-4.534778943229750836e-01,6.082677699898095813e-01,-2.250380830328521764e+00,-6.918413824240449150e-01,1.018097268931958954e+00,1.145707643702335021e-01,-4.582637505854543769e-01,-2.900725057396734766e-02,-7.779406252358866958e-01,8.889581402687229961e-01,1.588213703034971003e+00,5.140781762070052441e-01,-5.266892534424852945e-01,9.511158106229705700e-01,5.758296791840951112e-01,1.952979574577007882e-01,-4.895730732807569985e-01,1.141637097422506519e+00,3.570488502829060051e-01,-1.095454657447032742e+00,-6.910145036963422083e-02,-3.374348009886524169e-01,-2.711727914618229374e-01,1.132491598431852042e-01,-1.154405469769809400e+00,-2.834797971081946533e-01,-7.609475250706229099e-01,3.245472842283913389e-02,7.379256600817138967e-01,-9.235881241759210658e-01,1.923126161091377684e+00,9.643227869411857833e-01,1.054963554029450190e+00,-1.404888478049606260e+00,3.372385245675061594e+00,1.541507965009837333e+00,6.014449229535341779e+00
5.687807118349059721e-01,6.576463411308627327e-01,-8.504740786952176279e-01,1.902697109598681935e-01,-7.351564001350915367e-01,-7.893494720827860522e-01,8.824716093710546216e-01,3.627881052761960934e-01,7.768197893833946877e-01,1.315416677830528958e+00,-1.184479867105980438e-01,-1.032047740641347078e+00,-4.366955632889094607e-01,5.887543351185372531e-01,8.712727496773595703e-01,6.262175509615118818e-01,3.967843102039439462e-02,5.092257764117564811e-01,2.396957034971984868e+00,6.563243598359018716e-01,-1.282299748778793935e+00,1.155098878157521325e+00,-3.767101174385617535e-01,5.447384827371070104e-01,-2.183489676056732665e-01,-2.930139102707633447e-01,1.433382145847890810e+00,-1.028948548752572911e-02,-1.091336714312855394e+00,7.830077646614914955e-02,6.054179767908055565e-01,-8.009671330437445613e-01,4.710757694030658360e-01,6.283668754203848295e-01,9.579826126065185132e-01,1.306379944400311466e+00,2.335441782456463278e-01,-5.787889914167921868e-01,1.714586680005578234e+00,8.277953256644597912e-01,1.932213957628272194e+00,4.445045499718217608e-01,1.234664355500640909e+00,-2.659713428706269797e-02,2.861148127402652896e-01,-6.954060632408203269e-01,4.538541996487913122e-01,-1.652585734022791186e+00,7.240946949661007936e-01,1.439153142822939824e+00,2.191004625179160670e-01,-6.217833716285604551e-01,3.869224819190905107e-01,4.281877316363522645e-01,-7.504833390273488725e-01,2.101462025100555575e+00,8.536169440537180186e-01,1.314990021246287721e+00,-6.541148318382153937e-01,-1.459682990186649487e+00,1.437342259741492212e+00,5.717815926010627603e-01,4.022460176043020641e-01,6.758554031850551036e-01,-3.856971299858371061e-01,1.636869178923929247e-01,5.694363696799064067e-01,-8.271083034193462691e-01,-1.755177204745930059e-02,9.490273301469006606e-01,5.602674396023119563e-01,2.455511735960642927e-01,2.196968621573461566e-01,2.342911939501986784e-01,-4.196794320351425189e-01,-9.005264699643148463e-01,-3.002552180699301632e-01,9.037819728373305828e-02,-8.645763694866602789e-01,-6.417465455176913913e-01,1.634361880788905763e+00,-8.520380994185049461e-01,2.081910684219634877e+00,2.993586482483594047e+00,1.184022392178460725e+00,1.470554297815806155e+00,6.007579020256245128e-01,-2.726206572057980893e-01,1.276192427651527683e-03,-2.031533393110810937e-01,6.844951867852003824e-01,-2.489157016955260704e-01,1.083454854786366051e+00,-4.543563822461875734e-01,-2.985818751128137549e-01,2.989224768848218194e-01,2.013999492904055416e-02,1.183053050201169354e+00,-2.163432096294682638e-01,1.387520882973999337e+00,-1.147405238679993639e-01,-1.251284953702592295e+00,1.726913283926594156e+00,-9.335072248272793249e-01,5.485501786923516754e-01,-7.959022903766272972e-01,1.617599958969168972e+00,3.102397127282798261e-01,9.524512648363805400e-01,-2.568068229797139779e+00,5.981647357983650437e-01,2.042165570665360974e+00,-1.626377670783019092e-01,5.614387555367865712e-01,-1.646283222512517908e-01,-1.096084061663277875e+00,1.515651944679822782e-01,1.370529773493205816e+00,1.267517518583580527e+00,7.953270288683964573e-01,8.352981755265861397e-01,8.814943879919727721e-01,1.072747851971298239e-01,-7.772201619810655826e-01,1.195152962444796740e+00,-2.833760870404688492e-01,3.321271171232376695e-01,-1.813171965615092418e-01,-7.525190984278331760e-03,-1.989664423566609441e-01,-3.246812754950433866e-01,-3.669467963442400449e-01,-6.422167809425248786e-01,4.130750255856396186e-02,4.108516406015923494e-01,-4.555542128337715657e-01,1.248977716915276037e+00,3.966871822642591972e-01,-2.145271664998767702e-01,2.093594904099651988e+00,2.966971967840960067e-01,-1.152679547706176623e-03,1.772848973044723220e+00,5.758971531032752722e-01,-8.144937647597486619e-01,5.846846475191320724e-01,6.135930027208548188e-01,-3.583440589552309707e-01,-4.691819738198285128e-01,6.963217357776316785e-01,1.299822623971634172e+00,7.921413623048408070e-02,-1.178500131737726664e-02,2.344304497182373714e-01,-4.527105291471778536e-01,-1.237116002355011846e+00,9.340373558494317885e-02,-5.080034882072023139e-01,-5.216771507917286055e-01,2.362243192450400042e-01,-4.269248352006932423e-01,6.150689540414753242e-01,-2.288581358079930350e+00,-7.403210016224454071e-01,1.028241081235754528e+00,1.350334801060932288e-01,-4.593858712851780490e-01,-2.139371595908467344e-02,-7.821403684638498222e-01,8.508891066558975647e-01,1.571613103440810066e+00,5.073631925709132240e-01,-5.381593580240919827e-01,9.404554256593850026e-01,6.560451481697860965e-01,1.660431780745804387e-01,-5.422279210479664657e-01,1.169979138040345035e+00,3.225633526708003296e-01,-1.199425690280655932e+00,-1.001259463510944941e-01,-3.367204664239918932e-01,-3.421985012113437086e-01,1.171023008397963222e-01,-1.220908934038893445e+00,-2.766944064423573213e-01,-7.915140007421196389e-01,1.576115230265990805e-02,7.000064245022896703e-01,-9.161967750040944658e-01,1.920666578823464032e+00,1.014071530628158913e+00,1.075810750848499753e+00,-1.402562535627653428e+00,3.336854348891392874e+00,1.515936361259399012e+00,6.112936583181578065e+00
5.264295259169564645e-01,6.879201371688593580e-01,-8.290343317010936408e-01,1.896562977690552654e-01,5.673908268176173220e-01,-8.163540083715490336e-01,8.533921375063141523e-01,3.593835268419905415e-01,7.250795515298633642e-01,1.383181018999666057e+00,-1.170926664587673971e-01,-1.025353445209126191e+00,-4.603319147146521795e-01,5.544569702331950678e-01,7.939513067595037610e-01,6.440019703817024821e-01,4.388401884924364449e-02,5.422743694207837750e-01,2.407062782275859014e+00,6.344097812703831663e-01,-1.271385543263131801e+00,1.137002321516555670e+00,-4.308100412731016848e-01,5.638563315848021951e-01,-1.996443156258644325e-01,-3.466540951201123044e-01,1.433623794856689893e+00,1.235922413165648371e-03,-1.101587566078885638e+00,8.923757113826207010e-02,5.640666487537308038e-01,-7.584599927513769879e-01,5.108391309649547019e-01,6.098074876555927837e-01,9.950139907470910705e-01,1.322849284841709050e+00,2.264424165890037144e-01,-5.608045555590922548e-01,1.694616887690319817e+00,8.232734301419705192e-01,1.953368131895772741e+00,4.545703922140431064e-01,1.214472525059876906e+00,-4.177321459499801909e-02,2.861836348991776968e-01,-7.621555122686801687e-01,4.584157119888202514e-01,-1.550320165506298808e+00,7.475394818029644783e-01,1.399640152261137471e+00,2.365113282578749920e-01,-6.246417098044689808e-01,2.978386200395541916e-01,4.444646921443790033e-01,-7.632068656188898403e-01,2.073397219539137470e+00,8.588484107503422393e-01,1.331035085976984833e+00,-7.024014565804374000e-01,-1.498221535840701168e+00,1.455654832764772699e+00,5.541528618734817835e-01,3.976242370055741993e-01,6.718508377438561219e-01,-3.896086744277182934e-01,1.603801813157063605e-01,5.748922502056835748e-01,-8.783105222667202394e-01,4.656150646403303672e-02,9.490166726511941597e-01,5.361890736524508316e-01,2.601823582908417420e-01,1.772327831573551338e-01,2.211433882665388984e-01,-4.255113533011587457e-01,-1.022526531027428076e+00,-3.292456593936682330e-01,1.156216895632208447e-01,-8.753397007380043782e-01,-6.372398871000636289e-01,1.630004598228641743e+00,-8.532863653350476474e-01,2.689840760729321101e+00,2.982711462330160934e+00,1.116682312905410646e+00,1.482330366018422829e+00,6.488434462204183406e-01,-2.839632933844075113e-01,-3.479429972174434560e-02,-2.048497373356477358e-01,7.198332819594346343e-01,-2.430603450722262360e-01,1.079497233112142629e+00,-4.759624870026139543e-01,-3.028768735252845845e-01,2.664336142098068239e-01,4.496997670167177802e-02,1.183295468363306790e+00,-1.976250317618589158e-01,1.355854176096393360e+00,-1.097972481629285318e-01,-1.160267613769945694e+00,1.752878462024606065e+00,-9.233661322946736805e-01,5.779642719977260423e-01,-8.184069771011939221e-01,1.621745358536873072e+00,3.255996014713465891e-01,9.855253250224195183e-01,-2.513679332150136947e+00,6.244101456203721145e-01,2.016689097071251435e+00,-1.012132100810039098e-01,5.527862630878477290e-01,-1.861282855188916285e-01,-1.096333896567204702e+00,1.434368228400862144e-01,1.355943314836031144e+00,1.221459497148257967e+00,7.449350734477711011e-01,8.456412487595981187e-01,8.790773322599995110e-01,1.167619655690152608e-01,-8.680906929804013128e-01,1.185941882389329516e+00,-3.661419041963399068e-01,3.892875608927248154e-01,-1.822739551170034222e-01,-1.925947125907518861e-02,-1.853969015914228580e-01,-3.200114254398368496e-01,-3.122941292227910948e-01,-5.558325559808128258e-01,2.444672268740567464e-02,3.800180552288780489e-01,-4.541976393605007822e-01,1.268775001676238245e+00,3.551263603636596877e-01,-1.996361270879327965e-01,2.096896194018751380e+00,2.955960962886425847e-01,-3.403145643781755464e-02,1.714059353385875228e+00,6.072639747751716888e-01,-8.461215978707532503e-01,5.723599468807650803e-01,6.276697717666710474e-01,-3.480768381186327698e-01,-5.256887664910773195e-01,7.579653406975727092e-01,1.251322595385337078e+00,1.142600003119646768e-01,7.873702954173063262e-02,2.298333761702804623e-01,-4.632213371411812997e-01,-1.230677998395474537e+00,9.666519391116641657e-02,-5.054586036659414194e-01,-5.173239140580448980e-01,1.997482796165567231e-01,-4.759984893891903157e-01,6.295053538637549462e-01,-2.312034678561240231e+00,-7.348442425386620958e-01,1.034349250389047459e+00,7.263234921156493107e-02,-4.777163869396526263e-01,-3.030659519870421148e-02,-7.478761231123527420e-01,8.343784537199704365e-01,1.562437941772812033e+00,4.980289909547640503e-01,-5.311955867373701068e-01,9.589125656692363275e-01,5.244809427482156616e-01,1.585357720285015537e-01,-4.584747423695756940e-01,1.142692672356981687e+00,3.200954191162741491e-01,-1.178363944761622095e+00,-9.598486393181919485e-02,-3.339176611826409902e-01,-2.930553588123021580e-01,8.817155676973667533e-02,-1.231049110666140090e+00,-2.995049221770313963e-01,-8.308758387318911920e-01,1.809830976556083340e-02,7.474354749901251926e-01,-8.876599956257608115e-01,1.929926100753532214e+00,9.796447665668109872e-01,1.033687053788867383e+00,-1.438590947882526505e+00,3.335634777395954043e+00,1.522075358729010564e+00,6.135697000768864484e+00
5.702492961189087328e-01,6.698786108363183889e-01,-8.506823091776887225e-01,1.944855627416523791e-01,-7.662915146223812091e-01,-7.981139327091816282e-01,8.395200397573039375e-01,4.418140799863884416e-01,7.682234580304265759e-01,1.381244295486868445e+00,-1.253760244389308109e-01,-9.819543755060096135e-01,-4.420367018289778627e-01,5.827084479769367720e-01,7.916997798050678936e-01,6.288226393037950057e-01,3.977081058268561176e-02,5.988907732148928131e-01,2.341077341989613370e+00,6.410864498702014691e-01,-1.235147082868998991e+00,1.161605683696616431e+00,-4.025488729760723916e-01,5.707031759215693834e-01,-1.890280809900198589e-01,-2.862148188639345170e-01,1.426053896781908747e+00,-9.368870412753894927e-02,-1.093095311351181431e+00,8.493506241337445140e-02,5.736821833557609329e-01,-7.937727137817912615e-01,4.774329522460752928e-01,6.175597802163745875e-01,9.635694220926100950e-01,1.300979396192150750e+00,2.376826097180525510e-01,-5.683646455695305910e-01,1.661414921227034602e+00,7.774448087651055772e-01,1.925155357767904363e+00,4.703762393556935595e-01,1.209887280039884550e+00,-1.599698060818805639e-02,2.839059884918301302e-01,-7.037180186612791433e-01,4.515803243231050756e-01,-1.627898348919902372e+00,7.205312974084496780e-01,1.433044145750669518e+00,2.272523161664242453e-01,-6.244118645970592185e-01,2.906553221618622951e-01,4.259739654882480631e-01,-7.395387343749553200e-01,2.089165342764586430e+00,8.581334867173324721e-01,1.291811300555544051e+00,-6.805669319680236473e-01,-1.423249563656332928e+00,1.463219809892019718e+00,5.758971584271849187e-01,3.977223798149269740e-01,6.733364161146107030e-01,-3.805651778746588776e-01,1.270908442888934453e-01,4.494337240539758027e-01,-8.520509947041180476e-01,-4.298606066858023933e-02,9.703349023553093922e-01,5.283263724768750835e-01,2.325109350811128961e-01,1.824801811556369113e-01,1.785426103799372388e-01,-3.903693078885538403e-01,-8.971423304440068192e-01,-3.187555358827948715e-01,1.203621024702581505e-01,-8.356103143779883835e-01,-6.026587476539028154e-01,1.626859164971791172e+00,-8.314794046208409117e-01,2.087694746688717018e+00,3.000724462948304083e+00,1.161853935516734548e+00,1.443296560970283471e+00,5.897540155084264324e-01,-2.931018038146957494e-01,4.324860655117744590e-03,-2.261680666031034848e-01,7.096919449809142577e-01,-2.615541754608791680e-01,1.060112279070880792e+00,-4.650006275968597280e-01,-3.149297711957529944e-01,3.146742062234421100e-01,4.608363656340709602e-02,-1.303959499826704005e-01,-2.115670007347126291e-01,1.361301694144834151e+00,-1.078798379041763650e-01,-1.245732784658818870e+00,1.732343238823361053e+00,-9.126654851002388158e-01,5.720738528191657846e-01,-7.990529009720935827e-01,1.623792861032526291e+00,2.979041199650931393e-01,9.897703433730808964e-01,-2.571806024111497724e+00,6.148025046297604934e-01,2.036840448236597378e+00,-9.735564281450219404e-02,5.878739314361894897e-01,-1.756505662893493858e-01,-1.078232430954326970e+00,1.021461498746761287e-01,1.357346225824665353e+00,1.250316388334442586e+00,8.019742588231995040e-01,7.976263060108103042e-01,8.571040851077541545e-01,1.114990063021671363e-01,-7.768812456403436650e-01,1.205261303672360063e+00,-3.047398074699787518e-01,3.720246291649624837e-01,-1.489577566574079859e-01,-1.712320154157766228e-02,-2.266315438884680122e-01,-3.193524178665729796e-01,-3.667408642537142160e-01,-6.147947375637540235e-01,4.429530077247336578e-02,3.506358071760299344e-01,-4.409658303847690530e-01,1.258967823478783554e+00,3.931421875911518815e-01,-2.157943843121944150e-01,2.114853691267819968e+00,2.957549906052319710e-01,1.085090395731848692e-03,1.715862691842285015e+00,5.690330974545793064e-01,-8.597304966000013371e-01,5.058065186267025615e-01,6.756926564850134209e-01,-4.506409903624098434e-01,-5.479510625725247941e-01,6.972503524338509173e-01,1.301465855348480583e+00,1.031104511693011205e-01,-8.470727285726687913e-03,2.319899947637167892e-01,-4.698190182078680888e-01,-1.251375239541987039e+00,1.123519957939047437e-01,-4.994946841092892109e-01,-4.858609862013916758e-01,1.982224270002147792e-01,-4.809376635489882590e-01,6.248700821144459461e-01,-2.270454719968046930e+00,-7.274713136281064640e-01,1.048608346918672662e+00,1.088514162521577316e-01,1.379331132871225885e+00,-5.493444688909225777e-03,-7.644517621568193144e-01,8.272160051961379157e-01,1.569531424105282236e+00,5.295204040919235799e-01,-5.576835641625896844e-01,9.382611629907664508e-01,6.504605681316671939e-01,1.719984966475787413e-01,-5.289227926453997641e-01,1.157517281410005872e+00,3.215712906175535735e-01,-1.105642731746893315e+00,-7.949873373941575283e-02,-3.621966149199952190e-01,-3.362949738424707014e-01,7.245578084465650881e-02,-1.230552765398752024e+00,-2.864492769069403311e-01,-7.937039343279862491e-01,6.113726577461349454e-02,6.971575815670004728e-01,-8.916410034426663911e-01,1.918941791675436992e+00,1.009632129550187996e+00,1.058971289476480448e+00,-1.410767769314978715e+00,3.339803337385085946e+00,1.535124773237861895e+00,6.159118474717670821e+00
5.502782243067606549e-01,6.621812144294801916e-01,-8.449892569546130217e-01,2.220877162702003249e-01,-7.308826132990414726e-01,-7.909959791841474352e-01,8.599031204944065365e-01,3.252105240789577856e-01,7.486137871090773332e-01,1.311802172488478524e+00,-1.148731945090790546e-01,-1.024238685680887606e+00,-4.284235123353257735e-01,5.515319437857780782e-01,8.629812327061465727e-01,6.567619691947931271e-01,5.969918200674428216e-02,5.924006078409732590e-01,2.328910784225831421e+00,6.337938043618270845e-01,-1.269660572224390549e+00,1.117045293416793150e+00,-3.865849113529615244e-01,5.586716006626712971e-01,-1.894130916797024666e-01,-2.657025995732256174e-01,1.427503550595246917e+00,-8.225280417682829040e-03,-1.092122946007125117e+00,7.328096849441632921e-02,5.452617503915150321e-01,-7.785346340234396978e-01,5.389882911110686070e-01,6.299063072078403547e-01,9.629793057208102525e-01,1.320953184607536635e+00,2.260421102032796892e-01,-5.522685887408098626e-01,1.714952076388597479e+00,8.228674796706262340e-01,1.928190335197179417e+00,4.464433031924957551e-01,1.213355937487644365e+00,-4.105610763494790816e-02,2.615381420910947718e-01,-7.551459402590570136e-01,4.493820145884780404e-01,-1.621314138003095762e+00,7.371435853657153370e-01,1.384736529014133799e+00,2.297760184349727508e-01,-6.267037411268661096e-01,3.648119515435586102e-01,4.540444076777870874e-01,-7.460490458728595842e-01,2.083642273652736243e+00,8.351067127967560788e-01,1.319004034290346628e+00,-7.300829224622863434e-01,-1.418264045779231486e+00,1.314084483384381219e+00,5.666681557511549228e-01,4.120094785899726109e-01,6.829805550843124351e-01,-3.907566128435496777e-01,1.630829377120427415e-01,5.743152862672911141e-01,-8.627900680164694025e-01,1.520627220590747581e-03,9.818538032374816149e-01,5.130037330284999975e-01,2.683301090959046009e-01,1.895081826634559541e-01,2.279930169316897737e-01,-4.261913186643273010e-01,-9.983504890441915469e-01,-3.024550665327522814e-01,6.656012070468361741e-02,-9.096785669906748417e-01,-6.444795171177175597e-01,1.589831228125391682e+00,-8.652470092744850572e-01,2.079447808936994324e+00,2.991568429382799987e+00,1.100751089562281404e+00,1.450850277885893380e+00,6.426865047488240501e-01,-2.882525320865268470e-01,4.289626629393934049e-03,-1.904818516448386623e-01,7.304616032500400591e-01,-2.268847256467337037e-01,1.079031591671074208e+00,-4.699330118614471474e-01,-2.825100513903062160e-01,2.996749127415390679e-01,3.630234560487995837e-02,-1.318879257902582924e-01,-1.944110758615922863e-01,1.366435685424021829e+00,-8.316113195901950195e-02,-1.122459468023071283e+00,1.763169108196104728e+00,-9.219848607091533088e-01,5.678025216857688351e-01,-7.821104486154144553e-01,1.631211776754174947e+00,3.750933605982897934e-01,1.009267129732645429e+00,-2.597688624230593657e+00,6.056349136337695338e-01,2.027076191199162825e+00,-1.493921236311378797e-01,6.330410697088380001e-01,-2.042615582789586992e-01,-1.122326646110358039e+00,1.015263162033059885e-01,1.381800232784554883e+00,1.276053274256805814e+00,7.549200966235454224e-01,8.486838306896048456e-01,8.223933777169056825e-01,1.093783069822898135e-01,-8.969428150894502849e-01,1.189954420626771592e+00,-2.959437330603820748e-01,3.502444318243519428e-01,-2.132893768574526672e-01,-1.143650280580885831e-02,-1.666250951652861745e-01,-3.327443646621175422e-01,-3.108798931242623964e-01,-5.666428074621358002e-01,4.713565225526444857e-02,4.076413024585522904e-01,-4.529530109107732794e-01,1.216706337438709484e+00,3.508320241511895254e-01,-2.082824548651728558e-01,2.125992170458194774e+00,3.099794768878916806e-01,2.905097661440884937e-02,1.676745733426445728e+00,5.273233184576633370e-01,-8.194250151718631692e-01,5.998248748856108703e-01,6.730453410466827879e-01,-4.492834571445949998e-01,-5.397825178096659071e-01,6.796289529565732179e-01,1.311042100711925951e+00,9.536804150218781972e-02,7.391322851295721585e-02,2.262078579762788477e-01,-4.708607020736603199e-01,-1.149286273216662435e+00,1.030298759145904103e-01,-5.088545738270195962e-01,-5.492886832837784450e-01,2.043743901094984550e-01,-4.851073404620052654e-01,5.953632191567810317e-01,-2.304604503879099209e+00,-7.143565977485468732e-01,1.032944101418842520e+00,1.423832238188184884e-01,1.358081641698725139e+00,-4.709388889149367791e-02,-8.072057563341585862e-01,8.673734862443625016e-01,1.580516294401048905e+00,4.949152210480647907e-01,-5.356646620928253721e-01,9.543366608185479549e-01,5.752437454818882800e-01,1.590416150933598727e-01,-5.384322816589917071e-01,1.146352260194817507e+00,3.405234827541462339e-01,-1.175716764483961896e+00,-9.827583399878682402e-02,-3.682575614906700157e-01,-2.986750896261562982e-01,6.824646932073029360e-02,-1.224100654126234478e+00,-2.954513959090914743e-01,-7.805496927440209731e-01,2.345449346993948303e-02,7.577556930015877379e-01,-9.294916167982455457e-01,1.950189787047151846e+00,9.819554355264027423e-01,1.055244795548434755e+00,-1.463919105093194561e+00,3.335049650670689037e+00,1.543727838810627473e+00,6.162457046769001856e+00
5.508101365807317462e-01,7.085537766102889545e-01,-8.066989510510261807e-01,1.706144736028195608e-01,-6.884478663944995080e-01,-8.049473508969827718e-01,8.442114734457822900e-01,3.269329067567900426e-01,7.841689161789134888e-01,1.371900773110861671e+00,-1.119807556524371750e-01,-1.025687350192252989e+00,-4.568685519496438752e-01,5.775210309411226151e-01,8.541201696784480601e-01,6.543022672918482607e-01,5.810881371994511269e-02,6.093294785841231187e-01,2.359416475633614230e+00,6.261333503239304710e-01,-1.283381132232675359e+00,1.134774320438020512e+00,-4.338331934523002587e-01,5.364269288831698956e-01,-2.171607423547210758e-01,-3.907105703685501141e-01,1.376711493811677567e+00,-1.057523366516072705e-01,-1.136558950440053284e+00,9.326944281323451547e-02,5.484022316201940805e-01,-7.752350553101442499e-01,4.757617035783498483e-01,6.250304775795929579e-01,1.028607305867601518e+00,1.309520211853795413e+00,2.338308557570789870e-01,-5.197642030809798142e-01,1.677846097873473052e+00,8.082096747732998576e-01,1.943799750081784294e+00,4.665186167647504267e-01,1.206840138184370304e+00,-3.429998501419552481e-02,2.502574806643151351e-01,-7.651663032932710662e-01,4.556979627227952800e-01,-1.682171815453830321e+00,6.140775298797624959e-01,1.416501589263406302e+00,1.971077980345956326e-01,-6.347254738313168332e-01,3.951631764775666023e-01,4.644464611278756871e-01,-7.540646653638063412e-01,2.103855556887774814e+00,8.498084988672564011e-01,1.303487276308323173e+00,-7.095853729388603703e-01,-1.460824623851838755e+00,1.458383668287734913e+00,5.707866598426476479e-01,3.734552589620619978e-01,6.725456892914685181e-01,-3.863140573858155347e-01,1.817386862859965146e-01,5.588816579552680075e-01,-8.372976004543072337e-01,6.449484712974457370e-04,9.826704446070518850e-01,5.551385650771434310e-01,2.278354168726262896e-01,1.968754302964315361e-01,2.113111215259366460e-01,-4.120364962556739563e-01,-9.030651240455968010e-01,-3.223582415174079396e-01,4.892610100829159619e-02,-8.847847605257624926e-01,-6.548071666231882748e-01,1.604437316585161089e+00,-8.503434342803800616e-01,2.074723781314574467e+00,2.986837363411157131e+00,1.137850946765938565e+00,1.391774465784404002e+00,5.947509926373568678e-01,-2.897460616337033112e-01,-2.536663632158219633e-02,-1.971880945543833530e-01,7.182725935187114219e-01,-1.912791411454638213e-01,1.082573368101736655e+00,-4.720745929700782550e-01,-3.131979589919755558e-01,1.913636241179192399e-01,3.561778301687698600e-02,1.145410722401174031e+00,-2.124785283604186670e-01,1.404183129353238080e+00,-1.146289022604950192e-01,-1.114982669782991209e+00,1.764950474361175026e+00,-9.250963204105898674e-01,5.502934596054872562e-01,-8.028146522127165285e-01,1.622864444301509446e+00,3.339427599625194865e-01,1.000707634294948356e+00,-2.616143074930566303e+00,6.193777418764935261e-01,2.043673347450083444e+00,-1.320189968277077908e-01,6.162384815318028286e-01,-1.312121632739780275e-01,-1.113858434607597925e+00,1.135668238757206877e-01,1.323820836544861157e+00,1.254773574068595243e+00,7.742059283255628976e-01,8.465757479525529705e-01,9.029698297797463802e-01,1.081089060779082817e-01,-7.831520134895350038e-01,1.184882213638447812e+00,-3.094828124048263907e-01,3.124170786621148777e-01,-2.114783722676190358e-01,-5.313685459650176190e-02,-1.693262161464360871e-01,-3.302394469495313900e-01,-3.566463458290383137e-01,-5.458455805025196339e-01,-1.697676035045831214e-02,4.406615186039138932e-01,-4.551762091614439676e-01,1.254776903579206460e+00,3.443185136566805360e-01,-1.957343807049550799e-01,2.105202172531776217e+00,3.431558823799425451e-01,-4.123069783347567407e-02,1.732616907034035147e+00,5.240729373944474911e-01,-8.260979313526084500e-01,5.878468747095656477e-01,6.603059969314245548e-01,-3.414801026013762342e-01,-4.603750347208207527e-01,6.656716709112778796e-01,1.280969876211918157e+00,7.926107711033394954e-02,7.833365006523330953e-02,2.205677747149203116e-01,-4.386194161217844556e-01,-1.214561880083749879e+00,1.314095605315200033e-01,-5.126940249721412268e-01,-5.227316697816066782e-01,1.657133398268534341e-01,-4.826586639482195462e-01,6.041578269725618178e-01,-2.216892289359376989e+00,-6.986650412943851141e-01,1.007433502773248613e+00,1.319355800359041653e-01,1.373652590078014990e+00,-2.431467520810572103e-02,-7.647068734784443489e-01,8.368823752922236459e-01,1.568816885366695058e+00,5.179779097487381412e-01,-5.484931827449955888e-01,9.323358065157468788e-01,5.286167560235688345e-01,1.722184321437544019e-01,-4.539839085120110918e-01,1.145719896741880239e+00,3.262695399049788669e-01,-1.187862067763737040e+00,-7.558712920805002455e-02,-3.398660128949547721e-01,-3.247691221951247154e-01,1.101230649047014731e-01,-1.164478352484388468e+00,-2.866340614549396926e-01,-7.931998599936997962e-01,7.099642287018849418e-02,7.127839715819154209e-01,-9.105744818100953708e-01,1.933465199901846177e+00,9.654180519691143436e-01,1.047082479387404952e+00,-1.404110444507246980e+00,3.361928980016448687e+00,1.542161301336408163e+00,6.206310585161858739e+00
5.703412162209485770e-01,6.906418192264903722e-01,-8.433591583055640717e-01,2.046133347097500998e-01,-7.189881451448083549e-01,-8.272709819422939814e-01,8.571919619671177770e-01,3.191022723575103193e-01,7.779523767030716019e-01,1.365435609859062538e+00,-1.114976302196418606e-01,-9.958707869816411096e-01,-4.350794632425484809e-01,5.843098073538587345e-01,8.120053212419516830e-01,6.680368676242344206e-01,3.444283018606431046e-02,6.038369112716526210e-01,2.358058591890674460e+00,6.286453697542471186e-01,-1.274370654529980662e+00,1.122002044854333969e+00,-3.952445787510657782e-01,5.563861480116579772e-01,-2.078650923724894295e-01,-2.700359986674229495e-01,1.395929129420333537e+00,-9.618101976338885861e-02,-1.125305883834070375e+00,8.399563967471462833e-02,5.317954450446913395e-01,-7.757799645972250913e-01,5.251582250302390120e-01,6.350418616017360351e-01,1.009354281928684038e+00,1.314540937471004423e+00,2.335613599444761879e-01,-5.432336526930284792e-01,1.679645887816116234e+00,8.030467669420165988e-01,1.952126155530494955e+00,4.492833670826922865e-01,1.188826288148489452e+00,-5.933351513591807180e-02,2.235295469244401589e-01,-6.561791716897886761e-01,4.406937415585483464e-01,-1.629324130328369202e+00,7.196193736237572747e-01,1.437542630261875232e+00,2.259207824498871420e-01,-6.208511853933046387e-01,3.617007831821164587e-01,4.556609836831821414e-01,-6.772454820052870028e-01,2.071491461987849281e+00,8.314698242282977381e-01,1.342138589807354343e+00,-7.218321811568583213e-01,-1.461084849479319825e+00,1.449490393183803461e+00,5.624439437194178604e-01,4.071251867399497404e-01,6.636948993504742100e-01,-3.917035192152502621e-01,1.737967851941195074e-01,6.170241029102935260e-01,-8.537928295799156464e-01,1.295917813572242637e-02,9.900186054768865818e-01,5.178554587538222176e-01,2.475936500468490509e-01,1.986689104564638431e-01,1.884061192503026505e-01,-4.206488814896275352e-01,-1.002710903723402103e+00,-3.049894146763731384e-01,5.957106207391243968e-02,-8.489973504067157561e-01,-6.539480047989224554e-01,1.601797709686204163e+00,-8.697460730454666944e-01,2.081867599370255117e+00,2.979082652610603343e+00,1.078518145645313675e+00,1.446268343575774162e+00,5.948867807014895925e-01,-2.802785117586860664e-01,4.911309119045635316e-03,-2.344064940758432414e-01,7.496867320355472541e-01,-2.051744880532984927e-01,1.092995341631925799e+00,-4.654859422876758690e-01,-3.016934470818313785e-01,3.024024368840339538e-01,3.197648641058271207e-02,1.174793034944516146e+00,-2.457136692770776343e-01,1.360076528834788467e+00,-8.865405795616104756e-02,-1.259838580850622058e+00,1.759714780390258637e+00,-9.079303119277284395e-01,5.522202080685082448e-01,-7.925486128350087700e-01,1.640139363933412309e+00,3.289339823327714352e-01,1.001692913164171639e+00,-2.665100813165197646e+00,6.183542596632374266e-01,2.040271006312076363e+00,-1.405325959938077129e-01,5.877635259355838970e-01,-1.272324692277314317e-01,-1.121208117945462268e+00,1.133278598759189792e-01,1.354428440806757061e+00,1.273405479004157348e+00,7.513944393672765676e-01,8.505674664798839046e-01,8.793463467222634167e-01,9.655268002552959417e-02,-7.820963092153467855e-01,1.153622532764312592e+00,-2.921768421533493809e-01,3.322085446378829632e-01,-2.320485351998108625e-01,-4.315171127066120410e-02,-1.828470265405714723e-01,-3.294774265203216923e-01,-3.552376076298870422e-01,-6.408490610792402231e-01,4.658853783752230082e-02,3.777658415447588403e-01,-4.432838410122146855e-01,1.242341727391642836e+00,3.451105620951649966e-01,-2.098489194285960979e-01,2.132702933183625138e+00,3.377639351480231089e-01,2.849085901385583694e-02,1.679730072867747559e+00,5.348672126524287584e-01,-8.055051080493265125e-01,6.127044954070757221e-01,6.769872750086227686e-01,-4.395702516387161585e-01,-4.893496820429640293e-01,6.972019819980559419e-01,1.306711736706764437e+00,1.019934565468706006e-01,8.482006791240645494e-02,2.287269098927820210e-01,-4.558051961819202802e-01,-1.225020703134689359e+00,1.043793268404752256e-01,-5.114161279708719920e-01,-5.115606680266494566e-01,1.962942558691897765e-01,-4.645233144574573703e-01,6.086663557559330862e-01,-2.298412847542054660e+00,-7.159214750194982102e-01,1.044099202659104497e+00,1.108836262354433722e-01,1.354473813418626937e+00,-2.415056402873231103e-02,-7.565384763722622363e-01,8.615640745482199270e-01,1.582592435703407130e+00,5.282708052180417058e-01,-5.366006942749694808e-01,9.600961697934303762e-01,6.014394837724545972e-01,1.900112359926751648e-01,-5.310464917672753637e-01,1.153523238104049886e+00,3.353830084053986971e-01,-1.164354339237788860e+00,-9.882221199941274015e-02,-3.128698302823732513e-01,-3.387150961367146329e-01,6.027880866908031515e-02,-1.215747767698639015e+00,-3.100101709436972053e-01,-7.871029068948717233e-01,9.936409154050080197e-03,7.058299479929791564e-01,-9.150187402975555884e-01,1.924620011715316270e+00,9.778891956078454850e-01,1.063695331340023031e+00,-1.456913513203250909e+00,3.362762739973171211e+00,1.556504642275062578e+00,6.227388473220151432e+00
5.557134433733199597e-01,6.876812857524593481e-01,-8.340859296692129110e-01,2.480731607713883569e-01,5.730872275780771741e-01,-8.342552824911162457e-01,8.402755150901429770e-01,4.479473856625643124e-01,7.780480433439305177e-01,1.354907822381663074e+00,-1.209649336266709341e-01,-9.600253474766212713e-01,-4.353562212539892062e-01,5.632792718305971169e-01,8.609962297548157117e-01,6.312601093694348853e-01,3.404521927730826125e-02,5.901925405885225517e-01,2.362582701750872705e+00,6.391696028593377710e-01,-1.264272330012609524e+00,1.132949843523395561e+00,-4.290279347220727901e-01,5.300636983340909492e-01,-2.167676156275728794e-01,-2.730327196881225382e-01,1.400844266996754239e+00,-1.176630156934565519e-01,-1.110972212236679857e+00,8.638557980150370075e-02,5.363011457494533119e-01,-7.990828540488696952e-01,5.070089409904775524e-01,5.991804526508052176e-01,1.024403392191797657e+00,1.320246343579204451e+00,2.527053684258565025e-01,-5.589125537136382382e-01,1.705025030189654789e+00,7.988328940504476616e-01,1.993198143680790180e+00,4.565383105821080867e-01,1.237040777249298840e+00,-5.496120585990991320e-02,2.845641919293960820e-01,-6.529103666086180091e-01,4.731466466871959153e-01,-1.558098176099832477e+00,7.258261583917003934e-01,1.394139392498827901e+00,2.008443715875909696e-01,-6.103846541714941232e-01,2.985141156648371541e-01,4.478340168081812456e-01,-6.714041764993515793e-01,2.083790539441266354e+00,8.053885622111344178e-01,1.298564956116920577e+00,-7.098050960057885606e-01,-1.390119785040758504e+00,1.431805710116866637e+00,5.657177503611161562e-01,3.747439668771466170e-01,6.802775377282616054e-01,-4.493487296147336552e-01,1.347328645181103957e-01,4.397082283012135329e-01,-8.600283644701598451e-01,-1.157226513965403311e-02,9.783167951117442973e-01,5.093175992129710394e-01,2.554526651174032770e-01,1.735220461241500645e-01,1.985465767101773082e-01,-4.187143002714484030e-01,-9.576087128885459876e-01,-3.268004075661535279e-01,4.311263415307398789e-02,-9.006805736865486356e-01,-6.491317621096515111e-01,1.642634805093959649e+00,-8.780506470448514733e-01,2.087353861865991700e+00,2.986158481608514048e+00,1.113176045424415062e+00,1.467931387627924522e+00,6.009128575652442628e-01,-2.810687211272499542e-01,1.866354292750699740e-03,-2.224087643480662513e-01,7.232671612410817019e-01,-2.023943438706658493e-01,1.097029625422560883e+00,-4.329027170395373658e-01,-3.181709070382897075e-01,1.998848418128506554e-01,6.470943881752197133e-03,1.167596787833369509e+00,-1.994068334100982387e-01,1.403824133031556176e+00,-7.577992236802340298e-02,-1.168230940365007076e+00,1.758823265049136886e+00,-9.185656333155148845e-01,5.922326516442573130e-01,-8.023855884318057408e-01,1.594742371175163376e+00,3.352854613840567377e-01,9.545664272884749613e-01,-2.649233411164685581e+00,6.292757023518551485e-01,2.039087259853577194e+00,-1.451708532193720091e-01,5.815450282828985573e-01,-2.052789560331390872e-01,-1.117801368592624467e+00,1.063505010344472645e-01,1.330297025221761187e+00,1.291084466032784928e+00,7.949159666054430584e-01,7.627261101152306155e-01,8.121308894568307624e-01,8.638897942345970249e-02,-7.671700873459622594e-01,1.183524027470655771e+00,-3.144387941343365078e-01,3.049823522268828579e-01,-1.896203394128793962e-01,-4.065366344222377804e-02,-1.723922285770854157e-01,-3.396434750462546948e-01,-3.264650824745717883e-01,-5.337339918229958569e-01,2.965501829967596287e-02,3.907046041779514978e-01,-4.507074838409845796e-01,1.228690232697525087e+00,3.498955424722428043e-01,-2.198204313346870387e-01,2.101615480054680685e+00,2.869700968798150065e-01,-2.613846727902251546e-02,1.735121458626184499e+00,5.582874632322770703e-01,-7.925350917813649421e-01,5.310428600357359752e-01,6.735603450018921023e-01,-4.393975820911769636e-01,-4.651604510046566388e-01,7.550405755602352942e-01,1.248239548911953545e+00,7.378905106907265865e-02,5.405567589708051152e-02,2.114519426619537734e-01,-4.175452229585409625e-01,-1.181291443959171072e+00,1.557332093356746106e-01,-4.273254641464154790e-01,-5.051313092223592704e-01,1.978575710276898325e-01,-4.810244540664912472e-01,6.083074546673602478e-01,-2.305930915656165148e+00,-7.359365227681914368e-01,1.043387996677456186e+00,1.324995211178350285e-01,1.379113067762967049e+00,-6.066843772301251658e-02,-8.176575139773522016e-01,8.863257890777443970e-01,1.588091148637162497e+00,4.861115784082424285e-01,-5.294963300476138723e-01,9.517918814276584705e-01,5.481475007735424620e-01,1.745444412566615200e-01,-4.397745404598663588e-01,1.144372325862784257e+00,3.297401382377039281e-01,-1.186126023714293654e+00,-7.060420532254546577e-02,-3.433636913500520693e-01,-2.954472599182781933e-01,1.025338224001030724e-01,-1.249269099465584176e+00,-2.894200871997835711e-01,-7.959708404245644520e-01,2.144015227825718170e-02,7.486443340995515561e-01,-8.999423549820040336e-01,1.923731082126799219e+00,1.008635455669858905e+00,1.076053115818558670e+00,-1.427146476009643949e+00,3.333098368876652451e+00,1.535633969627630213e+00,6.435055174597716920e+00
5.478031387211519387e-01,6.773949155564527036e-01,-8.042458993339951512e-01,1.704227980713564350e-01,-7.517918438017288096e-01,-7.829919215309917302e-01,8.512268817217895078e-01,3.128419896415635115e-01,7.812686468469972612e-01,1.380864360614757480e+00,-1.085749575747053663e-01,-1.037957398665138475e+00,-4.302636086470857935e-01,5.678683520914532545e-01,8.482518410702799549e-01,6.544009781697938122e-01,5.808266383214699680e-02,6.213727169530118832e-01,2.413150003738045335e+00,6.377311766607348664e-01,-1.253005715013066235e+00,1.140779270812260604e+00,-3.763875381628954964e-01,5.384568713222603886e-01,-2.016655211181042073e-01,-3.962745756657093943e-01,1.415934341822907117e+00,-5.178331984173890901e-02,-1.103405003839359688e+00,8.034671688888958552e-02,5.881899868820992250e-01,-7.661544275020967243e-01,4.952385191060855729e-01,6.110590837487431815e-01,9.733054446959849004e-01,1.277849715368130079e+00,2.344442716048987518e-01,-5.110394320235044363e-01,1.648058275206009560e+00,8.179550944764850673e-01,1.969271000768361368e+00,4.813575475728563702e-01,1.218718859724004622e+00,-5.627960398639110517e-02,2.516051923356987796e-01,-7.657293693396719503e-01,4.534183536211811028e-01,-1.539803006655245277e+00,7.193770136809121141e-01,1.418233330840185769e+00,2.956244514171521010e-01,-6.391799520770897747e-01,3.949317116474962419e-01,4.601813682231385427e-01,-7.534457481846976723e-01,2.105859470083747631e+00,8.460746514684602815e-01,1.309770080673854808e+00,-7.027064511510526801e-01,-1.455033011361093198e+00,1.428342021104900494e+00,5.639378023677648066e-01,3.964780902972812604e-01,6.566708285067983653e-01,-3.868433150499504536e-01,2.065726593570456071e-01,5.717257865160743080e-01,-8.256790293880589271e-01,4.384158806550209411e-03,9.784596377745569118e-01,5.446239767129829046e-01,2.315818718713595903e-01,2.045319302453481036e-01,2.084385555484250252e-01,-4.139465551570002400e-01,-9.169065398344649065e-01,-3.318507955653624553e-01,4.784086083427072089e-02,-8.464366830007147291e-01,-6.169665036204227127e-01,1.598947373178236653e+00,-8.591180909963818113e-01,2.079671627505677467e+00,2.972410934285357076e+00,1.109747980350139107e+00,1.456160390394009685e+00,6.083264164320848488e-01,-2.725031445674235275e-01,-2.898397051823158738e-02,-1.711342420541366594e-01,7.347380850808762354e-01,-1.963020788528714033e-01,1.104809673193677622e+00,-4.361626119177452465e-01,-2.509478980655480695e-01,2.123877124608741784e-01,3.692203139887126340e-02,1.147605679489106967e+00,-2.481545887254962002e-01,1.404506431242746434e+00,-7.773288225607227764e-02,-1.120035378122514302e+00,1.704337491977905517e+00,-9.145008919871505659e-01,5.542740730733398680e-01,-7.746952813752204792e-01,1.643775278221313085e+00,3.351898012838934182e-01,1.009376407220621941e+00,-2.588351722197197446e+00,6.225445673154672566e-01,2.034957633716200753e+00,-1.269811810434313959e-01,6.128613210181682591e-01,-1.494575996089433922e-01,-1.121903061698383164e+00,1.447478427401270584e-01,1.353121117189704403e+00,1.257750962981547760e+00,7.456144174547764125e-01,8.394117056469062588e-01,8.712601660761096767e-01,8.662912066045483361e-02,-8.816063965874496589e-01,1.186087298614774355e+00,-3.170021305704850412e-01,2.959980878382067471e-01,-1.750392274573947804e-01,3.128210254678923542e-03,-1.740059173133817472e-01,-3.293182091631857156e-01,-3.422944092925064852e-01,-5.422016210831919203e-01,-7.577031668204982362e-03,4.384746809976665105e-01,-4.493221330917447354e-01,1.266125720457364823e+00,3.576319660181450644e-01,-2.012312934486254479e-01,2.081916732909161905e+00,3.355634867541960609e-01,3.774735612624729314e-02,1.683564413077197619e+00,5.263577588199696011e-01,-8.332731724674562468e-01,5.854395048053144812e-01,6.796163250504235753e-01,-3.391806510734187152e-01,-4.580602617326449688e-01,6.779396497156636725e-01,1.278166183586997295e+00,1.105382542047118610e-01,4.088989469840992319e-02,2.254553449636010065e-01,-4.370071095290088414e-01,-1.219484895756618892e+00,1.421263363937726454e-01,-5.093749017121044220e-01,-5.546626011084963004e-01,1.635734984462404729e-01,-4.976565509525262554e-01,6.384277287189137340e-01,-2.284551983821607291e+00,-7.396156499815187413e-01,1.009620883314661377e+00,1.326202805256408712e-01,-4.345843296247948739e-01,1.569544377517991321e-02,-7.552150243544542008e-01,8.442130533725983321e-01,1.550512828329241755e+00,5.181757886669754454e-01,-5.146150636584366778e-01,9.260431868677446721e-01,6.389806594931517481e-01,1.677886361870165044e-01,-5.255249141011738567e-01,1.148778262852576670e+00,3.374055260235996334e-01,-1.191182829106829599e+00,-9.312652362174381193e-02,-3.488842597971495429e-01,-3.018780074167649041e-01,4.288636622446311691e-02,-1.248581169205558838e+00,-3.136529919955414192e-01,-7.850985384581972149e-01,6.880145014035726758e-02,6.925931825389912699e-01,-9.076096259368419128e-01,1.943306970791870647e+00,9.882796048905457820e-01,1.050703697071230902e+00,-1.420345735224587180e+00,3.341071463683391141e+00,1.505564046637023479e+00,6.542624153317621705e+00
5.632250074755682512e-01,6.535838057668956758e-01,-8.355165619855499104e-01,2.100912310611555145e-01,-7.620046176144922301e-01,-7.855554900289054565e-01,8.511233753207535502e-01,3.168548073680694244e-01,7.814627177984755368e-01,1.365608284724447730e+00,-1.292638147068144172e-01,-1.003563881704224725e+00,-4.040909931235622254e-01,5.646347893451676425e-01,7.985524532499845840e-01,6.937842832523412051e-01,3.680307363558699141e-02,5.979054596262662891e-01,2.355400783914197049e+00,6.255901035867595938e-01,-1.250452440627426220e+00,1.153137347470343244e+00,-3.951881501617166004e-01,5.571076554452163432e-01,-2.069117894888780063e-01,-2.964522991097531257e-01,1.408514370811128957e+00,-1.017834852680321034e-01,-1.127773934340514650e+00,7.225410300443096956e-02,5.306196885864948865e-01,-7.745654947038459470e-01,5.372282617968989760e-01,6.264058507164206313e-01,1.021049414569088487e+00,1.318651018828870036e+00,2.272064568367383464e-01,-5.619486139393141677e-01,1.671400586591127224e+00,8.033621200847612664e-01,1.931161708233181784e+00,4.558815175030739297e-01,1.215221935163311340e+00,-2.959017075424030113e-02,2.625190015766976637e-01,-6.684833649751005247e-01,4.474701885680219537e-01,-1.666933482491699703e+00,7.339270193540287091e-01,1.439107580152319654e+00,3.017559138890294479e-01,-6.147056683651177522e-01,3.557973579743671788e-01,4.254434035380104673e-01,-7.552121634386136373e-01,2.068739750870955518e+00,8.903712312161824460e-01,1.323584152869396124e+00,-7.393623465722182209e-01,-1.414066026294567902e+00,1.303328038420232371e+00,5.594828287452714433e-01,4.184221676595121231e-01,6.866822121129553258e-01,-3.820414813905710916e-01,2.164331821313059678e-01,5.766370255926966948e-01,-8.648529532805754316e-01,-6.526046544966376470e-03,9.561868226187218989e-01,5.443000037861310814e-01,2.651039816458073406e-01,2.038829986555004137e-01,2.306177385879851494e-01,-4.349457473673227770e-01,-9.571842300552005911e-01,-3.300080664583581180e-01,6.595678632235854599e-02,-9.137151840612904863e-01,-6.431130070595316717e-01,1.606144978248193134e+00,-8.696717203349558778e-01,2.075397215915732563e+00,2.997837843421984783e+00,1.131736148890452487e+00,1.410611490828947767e+00,6.043798393419638204e-01,-2.917901036229583744e-01,7.839531142751651055e-03,-2.410255974435073500e-01,7.051475280384678079e-01,-1.996510858662636778e-01,1.080219239740010551e+00,-4.726882524920680839e-01,-3.043347547855662638e-01,2.132443216191930446e-01,3.369505553647161172e-02,1.197372569544803200e+00,-1.747737447971563773e-01,1.358013664143620458e+00,-8.581773974021215945e-02,-1.122372133862662436e+00,1.761215189536335490e+00,-9.145467289727534643e-01,5.649253367529432079e-01,-7.886408557384523288e-01,1.633795185858711863e+00,3.303594875998216440e-01,1.003185792738629178e+00,-2.545038718498771058e+00,5.891449633567298338e-01,2.023262515576851772e+00,-9.634428992576270223e-02,5.910717121492220505e-01,-1.493227183157991578e-01,-1.085821319824036957e+00,1.179418326873276496e-01,1.369807262867108077e+00,1.245557950466166686e+00,7.439178882047751129e-01,8.458132800668618501e-01,8.184120609977569849e-01,1.054538169003989695e-01,-7.514648760446799303e-01,1.198957886524160577e+00,-2.999001933705014999e-01,3.380438110845658262e-01,-1.733293771677354989e-01,-1.846622028365914672e-02,-1.827568123687806079e-01,-3.407440528731588425e-01,-3.071259558841126225e-01,-6.357739649441193075e-01,6.623167543718906647e-02,3.619536765415275470e-01,-4.828616845929858958e-01,1.249753655108055694e+00,3.443878645523006377e-01,-1.890061334488497002e-01,2.100721215107008710e+00,3.558355791241820665e-01,-2.391372070464047039e-02,1.733816647513107601e+00,5.939271806195334236e-01,-7.928314290348207338e-01,5.140275377698209081e-01,6.819388783255563302e-01,-3.326126155617019631e-01,-5.321951779920710557e-01,7.065029763286707620e-01,1.258933763534617611e+00,9.348424093161393500e-02,7.618250784303490231e-02,2.228140102514613030e-01,-4.257040653350813164e-01,-1.228004117005526252e+00,1.061267440003262064e-01,-4.957212518151102310e-01,-5.071881989946114278e-01,1.944109341655331502e-01,-4.594157958573998335e-01,6.271533985061190641e-01,-2.261804267471661412e+00,-7.148168170572444247e-01,1.017352345352427800e+00,1.414964671513213590e-01,-4.694615926837374942e-01,-2.494144450263914917e-02,-8.036408780612896985e-01,8.616452697970152785e-01,1.557394698136735034e+00,4.934599560047234212e-01,-5.579709393245164684e-01,9.559266676572789612e-01,6.123175579892100595e-01,1.887731133106734793e-01,-5.287263003916317095e-01,1.150889769697924114e+00,3.097712217812899627e-01,-1.164086963953237408e+00,-8.240073160624587778e-02,-3.389400351059743688e-01,-3.053644533564792152e-01,6.518973925588046614e-02,-1.214037281431376014e+00,-3.087856317529995565e-01,-7.838341452217902905e-01,1.498246842990316914e-02,7.378177961580336675e-01,-9.224213559479528257e-01,1.927357429655317977e+00,9.431851907290212944e-01,1.051794556483895970e+00,-1.449247862529486452e+00,3.353633480782963527e+00,1.527419472454204508e+00,6.564802171715299117e+00
5.618824942606504003e-01,6.973019251569646526e-01,-8.360858761150594676e-01,2.160622966869449879e-01,-7.597944012338491149e-01,-8.206784007246664681e-01,8.342153794423523561e-01,4.534510509546103574e-01,7.791935253519993720e-01,1.364395264579010947e+00,-9.793981426081457831e-02,-9.577917233409766196e-01,-4.370610956458751972e-01,5.792627953635326454e-01,8.602709567147514003e-01,6.504663833856291211e-01,4.129275046310173364e-02,6.043073216763584776e-01,2.379594872652202042e+00,6.458034495234360461e-01,-1.287492398905291324e+00,1.147557161318382812e+00,-4.232177247934169606e-01,5.612230155009833021e-01,-2.110322522390143396e-01,-2.720983510034750696e-01,1.424913672466478154e+00,-1.268042539540213398e-01,-1.125729073295542726e+00,1.050909000616799399e-01,5.415869299576194784e-01,-8.015620979330686513e-01,4.825628821369029597e-01,6.120882598394653540e-01,1.009184759307705459e+00,1.332909923958941478e+00,2.429436414215180307e-01,-5.066190834551781430e-01,1.704345007057289196e+00,8.306847391185528950e-01,1.960690322304828870e+00,3.981242548984950114e-01,1.234368666447796858e+00,-2.597191616316251589e-02,2.801897008813629131e-01,-6.660572652437807273e-01,4.730831614716719535e-01,-1.554643446231986692e+00,7.090426764374891944e-01,1.398158280841735435e+00,2.188964584206961050e-01,-6.229595248020595166e-01,2.922958436435134644e-01,4.441495994200689856e-01,-7.347380676052380766e-01,2.081792800447705538e+00,8.544063671157081652e-01,1.314744500299111829e+00,-6.998132467629164521e-01,-1.399208656951861807e+00,1.308784064268347480e+00,5.608907437032440990e-01,3.662276569175795249e-01,6.848859957398785170e-01,-3.838815931802350701e-01,1.342371581364406596e-01,4.573708814786884846e-01,-8.677311750873449858e-01,7.161047123514887799e-03,9.934118658194658336e-01,5.137536018063083576e-01,2.609266964927455801e-01,1.657236302756203705e-01,1.946642493729159318e-01,-4.276240425063244088e-01,-8.952164932721268231e-01,-3.379233809874296335e-01,3.856865982583891628e-02,-8.457731140242504830e-01,-6.456632257598076130e-01,1.605912696611135670e+00,-8.840289084873292902e-01,2.678876908006562640e+00,2.985577968194909282e+00,1.112932247154184262e+00,1.475412183736340088e+00,6.019794750917474291e-01,-2.930017454972271285e-01,-8.308796265326851005e-03,-2.008650693262974407e-01,7.318079391137206624e-01,-2.685526698260527478e-01,1.091010221215908071e+00,-4.595343561599476434e-01,-3.031119289046489973e-01,2.019469726407199239e-01,6.442247870424129552e-02,1.185231562150115936e+00,-1.719493350902106532e-01,1.372653247172067159e+00,-1.142595126928644539e-01,-1.245726510733612846e+00,1.732192727071028004e+00,-8.821626003971458907e-01,5.847748432194127544e-01,-7.982993251428335268e-01,1.610619289243502505e+00,3.165878612005432191e-01,9.559170916374111204e-01,-2.549452895806993968e+00,5.919110595595833413e-01,2.038074058421787793e+00,-1.427447955593278694e-01,5.834427655681205804e-01,-1.792905870801194956e-01,-1.104368838005219899e+00,4.858263733243517457e-02,1.360658098350955081e+00,1.277188166965823157e+00,7.849205693569298870e-01,8.553419518423733825e-01,8.156857912302448721e-01,8.734408097187508491e-02,-8.115582343207853322e-01,1.191358838469449344e+00,-3.076633821229681209e-01,3.244732073605759437e-01,-2.322121876075652624e-01,-5.929631617696000390e-02,-2.088014404230940368e-01,-3.082758962608749265e-01,-3.488855050179294759e-01,-5.545132161298478302e-01,2.831654073786300102e-02,4.657068428550661943e-01,-4.359656997549700153e-01,1.279945114471434220e+00,3.680104911946637247e-01,-2.179445172791732444e-01,2.110632222276028536e+00,2.865162707017815946e-01,3.881022239316277156e-02,1.720409419136508244e+00,5.577707604902100158e-01,-8.040862174411611552e-01,5.323047765134210074e-01,6.628438884921226126e-01,-3.586561060104504484e-01,-5.088732356346130636e-01,8.088031954785096511e-01,1.233288630101120331e+00,8.256477411160347002e-02,-4.995438606132334911e-03,2.208186500035318744e-01,-4.568029212361965352e-01,-1.188005928535629252e+00,9.833384665958196102e-02,-5.172888372011438252e-01,-5.129707096874704941e-01,1.909555023755491188e-01,-4.885214606279495442e-01,6.399477023138753218e-01,-2.215536119684039296e+00,-7.462229607980724877e-01,1.053265785677236277e+00,1.037938555864036522e-01,1.379668002825726214e+00,-4.568948618814526463e-02,-7.509822995736997742e-01,8.934376115563008591e-01,1.561488691943453633e+00,4.970087894602525647e-01,-5.328917598283378076e-01,9.541858107968026470e-01,5.183635808755346908e-01,1.619984205359845386e-01,-5.194682760889640649e-01,1.161778071349665931e+00,3.280977842221210472e-01,-1.094480096414139236e+00,-7.770936319421918592e-02,-3.729479711012573251e-01,-3.468522612892509516e-01,1.077194686159975018e-01,-1.231217126922722338e+00,-2.989190539318324347e-01,-7.983974134725022598e-01,6.573317344828337461e-02,7.542070281182835512e-01,-8.926070851504629422e-01,1.922072459794412547e+00,9.614559637115551727e-01,1.058899520872613964e+00,-1.403533887442474537e+00,3.335600826562371335e+00,1.538892677095973438e+00,6.581492999851572989e+00
5.660159968232207905e-01,6.590986567255445738e-01,-8.410267348410459531e-01,1.936078536788123083e-01,5.871275705665781608e-01,-7.833454378848188071e-01,8.448610288520025380e-01,4.506052403658716288e-01,7.798427733250720140e-01,1.320174023407686414e+00,-1.247736663474890428e-01,-1.015033216317980047e+00,-4.561564835846965704e-01,5.584674753189121654e-01,8.113615655916089908e-01,6.409702242786122772e-01,3.075435915388714109e-02,5.994541466502446569e-01,2.376722687879545326e+00,6.413538267400133996e-01,-1.292351662015823299e+00,1.141163412188632931e+00,-4.121180498376158519e-01,5.547676848767854052e-01,-2.054549775098360731e-01,-2.984950309249667089e-01,1.415614518301967051e+00,-8.944323584683359918e-02,-1.100408539944026654e+00,9.218243570056193492e-02,5.507827386542062387e-01,-7.676772404800105143e-01,5.231045972352895701e-01,6.011049256662863716e-01,9.680949615758921434e-01,1.333584935534895433e+00,2.027424418660482008e-01,-5.223190459860536095e-01,1.709170486370342745e+00,8.165979443660674741e-01,1.963755891705055268e+00,4.560838126196700149e-01,1.167469583450432946e+00,-6.742666322367404930e-02,2.363905866333999017e-01,-6.591373737704993019e-01,4.573828508934608128e-01,-1.656155111239841604e+00,7.446566098721971727e-01,1.392717418926086692e+00,2.014333733911091995e-01,-6.311311136518805709e-01,3.970862163028138214e-01,4.140030145415316554e-01,-7.000656476041373644e-01,2.095800561860160727e+00,8.571111784494528374e-01,1.306374333079182382e+00,-7.212025337601603026e-01,-1.457340503552320143e+00,1.442574727817874880e+00,5.718392827609726226e-01,4.082068136004614600e-01,6.854261995915195138e-01,-3.909469868275964322e-01,1.517408013380568133e-01,6.221390169618986610e-01,-8.142206513691945258e-01,9.901562143272269953e-03,9.584034106624764737e-01,5.388228655919979904e-01,2.347643663273919767e-01,2.055272488142951826e-01,2.296767639017997797e-01,-3.808504740405207478e-01,-9.598454204859717676e-01,-3.511004428382907272e-01,4.802821356155598936e-02,-8.495152837427194514e-01,-6.618342070766884966e-01,1.595822172222705504e+00,-8.313140099913729486e-01,2.066251517106316715e+00,3.020764679537782715e+00,1.130822209798137967e+00,1.472880177997549334e+00,5.977825246042283158e-01,-2.795229629755874856e-01,2.959526750928478771e-03,-1.981466541907045131e-01,7.269403995781171801e-01,-2.198571905624780720e-01,1.083576816535739340e+00,-5.064122731590779969e-01,-2.464851514941306387e-01,2.193322856759610529e-01,2.052563057080817460e-02,-1.291175715549028880e-01,-1.757485088574703980e-01,1.352287058464403779e+00,-1.166994148237874979e-01,-1.255712383943977661e+00,1.756750730369351032e+00,-9.186476267283744113e-01,5.987639233607525702e-01,-8.070234756392555830e-01,1.609815794144036749e+00,3.191013011803588428e-01,1.015862676897585803e+00,-2.541256640515897391e+00,6.356148435084099102e-01,2.030451272506360816e+00,-9.712630194241031467e-02,5.891700509583450707e-01,-1.706693329888062938e-01,-1.089982820162745725e+00,5.882138955050129209e-02,1.350269939521461460e+00,1.277355235304180159e+00,7.411675205857751747e-01,8.301909596861747342e-01,8.095945377849264046e-01,1.357914948910551034e-01,-7.974760147996652337e-01,1.195003635613712367e+00,-3.186316792023339284e-01,3.378264646129442439e-01,-2.433930052511296682e-01,-4.903310652807889997e-02,-2.431766132879316644e-01,-3.747893792197637963e-01,-3.626433489672331034e-01,-5.727217010999988700e-01,3.476156943116342352e-02,4.181359383494386295e-01,-4.682924483438622998e-01,1.243945487822323059e+00,3.425139607126871377e-01,-2.042022910213253939e-01,2.124401861477017928e+00,3.284603204753746009e-01,3.209294150275306817e-02,1.724344381549352212e+00,6.141642251160783772e-01,-8.160690400339684070e-01,5.215696161340100945e-01,6.023699185374213894e-01,-3.750158470671744460e-01,-4.974412528421419677e-01,7.184823147177794578e-01,1.295590294953294919e+00,9.209403585515127388e-02,4.527362729148955156e-02,2.212758620586229297e-01,-4.646413375336654883e-01,-1.163356637823468320e+00,1.069687983680541743e-01,-5.049015864993857683e-01,-5.230431176964529527e-01,2.012560774603938396e-01,-4.779437862134807702e-01,6.334510388880769671e-01,-2.261354427376568221e+00,-7.032284708955538477e-01,1.031991877615403785e+00,7.666667128901848149e-02,1.373408097791730897e+00,-3.905555936392857141e-02,-7.477758651635479925e-01,8.068775365132692112e-01,1.569952470558192648e+00,4.684641225240752105e-01,-5.369594146043558114e-01,9.654548518791871148e-01,5.856004736340529870e-01,1.890182790838321469e-01,-5.225582670009383257e-01,1.130207444691596175e+00,3.360706181653560498e-01,-1.200660129404947263e+00,-8.523460701332709333e-02,-3.558245873019212913e-01,-3.385628759041375835e-01,7.457213948238611279e-02,-1.227865855519974625e+00,-2.767872411260948184e-01,-7.934569515703764342e-01,7.450098740299471167e-02,7.623013016528241703e-01,-9.483629053280818733e-01,1.929610370111395357e+00,9.916598329574131121e-01,1.072403848447706753e+00,-1.426331848314061235e+00,3.360820789602533498e+00,1.550470354378225446e+00,6.657675596593978895e+00
5.613225567143405037e-01,6.644357134000248299e-01,-8.199591198964873984e-01,2.551747144045070637e-01,5.695357803782926664e-01,-7.729301955106225863e-01,8.868351079076991494e-01,4.453958738824462804e-01,7.291033920720988437e-01,1.378678027280189733e+00,-1.245676488676781962e-01,-9.853551427858213696e-01,-4.209103041940118195e-01,5.608730735968820991e-01,8.539793491568136163e-01,6.380275770896872700e-01,5.288414006923228272e-02,5.232546600632380640e-01,2.369138465643705338e+00,6.628734344021445235e-01,-1.268803174364340203e+00,1.137757627426836171e+00,-4.110251596646302685e-01,5.529676400301366535e-01,-2.037949077466748027e-01,-2.899255812223330842e-01,1.412415690399322354e+00,-1.095864262557492835e-01,-1.101583454173679089e+00,8.403971586053143872e-02,5.441096111135125257e-01,-7.557578509192233174e-01,4.902447259999652140e-01,6.089608241325720206e-01,1.006059209774011531e+00,1.325166713406450203e+00,2.221578066951497565e-01,-5.098612217211052622e-01,1.698564059136762561e+00,7.994307638930127080e-01,1.953368827069688285e+00,4.774320221074092041e-01,1.230877430973939646e+00,-5.098218610010286922e-02,2.693301877460144711e-01,-6.722568495423260071e-01,4.842639008813432455e-01,-1.554189845238909351e+00,7.138757462783236196e-01,1.397714888451434323e+00,1.847795114643485948e-01,-6.196277023552673180e-01,3.814769317003973703e-01,4.397178863685469175e-01,-7.458309475255253673e-01,2.072526086109454102e+00,8.484541136150511864e-01,1.316455905088749656e+00,-7.217724789132672347e-01,-1.429334760076387489e+00,1.438375488597905427e+00,5.827555752483940532e-01,3.848580858928096204e-01,6.806846091757898787e-01,-3.741146914790298150e-01,1.598893681194109295e-01,4.376572512906302115e-01,-8.735846172025948375e-01,-5.743374869200482818e-02,9.982490322204696787e-01,5.345531489698744920e-01,2.630049930300717431e-01,1.704494722875913582e-01,1.951327226387930547e-01,-4.311237618891871626e-01,-9.419630464984704021e-01,-3.270942751774061907e-01,4.932709658933439462e-02,-8.788483021362835101e-01,-6.303604729253264871e-01,1.634734409805601807e+00,-8.807513403141200570e-01,2.058376731263784176e+00,2.979909617762833918e+00,1.119282060207344331e+00,1.469253596050181132e+00,6.027393356580811323e-01,-2.960572804261860647e-01,3.439217307496528729e-03,-2.130562825647968894e-01,7.288291340825940878e-01,-2.070659657849730495e-01,1.097350924253513771e+00,-4.412125451179780278e-01,-3.009658789314710869e-01,2.027898391514255105e-01,4.874233674678903408e-03,1.167654245142099478e+00,-1.746738952042068138e-01,1.411883330688294524e+00,-9.880321235451530737e-02,-1.113708443711429519e+00,1.728998575348397182e+00,-9.338006345655788243e-01,5.918822133810027752e-01,-7.996175786120734985e-01,1.603608135746959373e+00,3.165079255893748500e-01,9.614153049723669353e-01,-2.544868519526501949e+00,6.438093273543895600e-01,2.046217849190968607e+00,-1.022600794269181851e-01,5.849065454437395450e-01,-1.779641173350584860e-01,-1.103145929761702781e+00,1.028691295133652983e-01,1.364492886040342023e+00,1.215833012832164384e+00,7.550719225025216419e-01,7.715636612350390555e-01,8.483950712203564004e-01,1.069350001339800516e-01,-7.702192322859326978e-01,1.186013586844555157e+00,-3.090242559115707333e-01,3.361872841313653382e-01,-2.131242360538788405e-01,-1.398199932399976295e-02,-1.868070532125061523e-01,-3.228468966315116706e-01,-3.338694134005811831e-01,-5.274832528351234284e-01,2.759719257308024601e-02,4.661940195723459079e-01,-4.377970787485152004e-01,1.255491380815344060e+00,3.579076557164433403e-01,-2.163682651246108812e-01,2.099759352883806773e+00,2.869294099400075404e-01,2.945821487722594025e-03,1.723349938551793414e+00,5.519611907740293866e-01,-8.053730096596690702e-01,5.742076858503354364e-01,6.229824954934355397e-01,-3.524132990517401809e-01,-4.759867489010553565e-01,7.672442495190964218e-01,1.228602793697413764e+00,9.059166577276145382e-02,6.465914084445999362e-04,2.256209827331339401e-01,-4.432148649501542192e-01,-1.260413346252059252e+00,1.146053159102288221e-01,-4.973524516568820775e-01,-5.288270540767349148e-01,1.836144941121189422e-01,-4.883412356035385926e-01,6.128018119498126470e-01,-2.245992702108571493e+00,-7.467554051955958005e-01,1.041852804302145330e+00,1.324941747991279228e-01,1.380047172522487209e+00,-4.654964633036937777e-02,-7.958243451737034846e-01,8.946021877767159625e-01,1.576010605166037193e+00,5.034308091310404354e-01,-5.389654295473346179e-01,9.571028573923948679e-01,5.249513120808871891e-01,1.639265056524167319e-01,-5.267766353702694193e-01,1.162212614909896136e+00,3.645006306436556764e-01,-1.179704545760366319e+00,-9.723828383671098696e-02,-3.321407245176578593e-01,-3.559748140013759277e-01,1.098009138509649235e-01,-1.245835545197351291e+00,-2.866905305790613534e-01,-7.849140294575764898e-01,3.009517880844551907e-02,7.187810331333238656e-01,-9.013744526779882138e-01,1.906727310019473487e+00,1.007265493605627116e+00,1.024265831565398521e+00,-1.421079930442674000e+00,3.323329070977723010e+00,1.538362531730204319e+00,6.689274514033357377e+00
5.388473389374820455e-01,6.744231505956144179e-01,-8.408407347290081102e-01,1.738797758114976333e-01,-7.622633633229334293e-01,-8.079478585692081438e-01,8.466418654534798582e-01,3.072757564756103399e-01,6.775613774333729689e-01,1.363198810383973614e+00,-1.177253002198013765e-01,-1.024287125555902289e+00,-4.794168629240704305e-01,5.619035446361695385e-01,8.038678676779432708e-01,6.297760367047058327e-01,3.363260429310106769e-02,5.380808050990517621e-01,2.409663753995063384e+00,6.230252387252334101e-01,-1.266917607399699497e+00,1.114359040143677149e+00,-4.215180461514317911e-01,5.367083293266956545e-01,-2.141910427051299803e-01,-3.785858021055475420e-01,1.392291117910557041e+00,-5.247251972297033162e-02,-1.136274472805307578e+00,8.016134313367993813e-02,5.653793938658709939e-01,-7.853354123889623173e-01,4.986248450693689938e-01,6.565825957181480321e-01,9.723751150443491476e-01,1.280042635028165066e+00,2.177816183655662263e-01,-5.247191757309646043e-01,1.650094056926351360e+00,8.297341803610180921e-01,1.974724716539339342e+00,4.708258337709408381e-01,1.214715791441910442e+00,-2.166480954673651732e-02,2.414848068999216613e-01,-6.845192365399866974e-01,4.770757584156839481e-01,-1.663489633504513954e+00,7.228177495550270892e-01,1.411659306201717534e+00,2.315714796838717615e-01,-5.649557465643806342e-01,4.029562472259745620e-01,4.421475449527694224e-01,-6.973828548170863950e-01,2.098133971469280379e+00,8.458383969944300862e-01,1.307472812185007438e+00,-7.344240927823166842e-01,-1.436595990253408894e+00,1.458893339582195692e+00,5.723422971778043822e-01,4.234918670285472975e-01,6.836245505045884796e-01,-3.947601421792948928e-01,1.797007216331550361e-01,5.643540452650892547e-01,-8.663819940417198939e-01,3.205071457422069281e-03,9.775138611002122113e-01,5.729305090348599805e-01,2.565608911544217663e-01,2.029913985431712753e-01,2.199765026886654207e-01,-4.198954930266448615e-01,-9.616688230022835127e-01,-2.908869016828542486e-01,1.037810034521930574e-01,-8.516182095598210378e-01,-6.402587877971973596e-01,1.613942632548572842e+00,-8.484399148544604641e-01,2.066200203842067040e+00,3.006567687626816365e+00,1.131740619184190333e+00,1.469581895693577556e+00,5.966954899810534840e-01,-2.510620462814835974e-01,-3.235821875405781728e-02,-1.726469179880056048e-01,7.255528080253721424e-01,-2.003870312756846905e-01,1.107398322602819674e+00,-4.690719561835673401e-01,-2.984431850650786644e-01,2.117071373852088545e-01,2.923008919156240559e-02,1.183659201516878090e+00,-1.617614350979341142e-01,1.379752126803655665e+00,-1.153306680249974459e-01,-1.258641045958716509e+00,1.705393001473761050e+00,-9.099267719163627310e-01,5.536821500870201529e-01,-8.046130233990619329e-01,1.647179442490582568e+00,3.591895545857322070e-01,9.716717899162139460e-01,-2.592532021446502188e+00,5.895881017436584992e-01,2.028772785072929796e+00,-1.039793411436307630e-01,5.990142010677277362e-01,-1.567563756876687309e-01,-1.070482044704412772e+00,1.431200466997215037e-01,1.381379975521884740e+00,1.243529379573699467e+00,8.025913881935803351e-01,8.325333787626442161e-01,8.713973561488868036e-01,1.128534354562478054e-01,-8.055633577964712577e-01,1.183354935284215426e+00,-3.263138781534847821e-01,3.674799668908723671e-01,-1.716464479141887323e-01,1.288575712042680510e-02,-1.916084743098147303e-01,-3.502525266607516841e-01,-2.970713808520594745e-01,-6.417939240971690662e-01,4.865908110240365486e-02,3.649260222488671657e-01,-4.347649021359507038e-01,1.249372672565671083e+00,3.528262050466486333e-01,-1.982741541769261762e-01,2.144371793876782117e+00,3.026505854342000368e-01,3.896099285832412690e-02,1.747405228300050739e+00,5.425707368546276443e-01,-8.167060956940993544e-01,5.686350027940455520e-01,6.511668874461065126e-01,-3.306411795943848819e-01,-5.122161033050341983e-01,6.848001053296967067e-01,1.314787450940161140e+00,7.190680520489636796e-02,3.175751039915298418e-02,2.206695301437702206e-01,-4.685590214706907286e-01,-1.238526168770967439e+00,8.732224429684869171e-02,-5.035310698952700781e-01,-5.196947024830188555e-01,2.217110386913574149e-01,-4.594556946164397582e-01,6.363725436439812144e-01,-2.278191370562522078e+00,-7.220108895109531577e-01,1.036728437870236164e+00,1.125993732417369941e-01,-4.371178780471406400e-01,-6.043502910992219236e-03,-7.465875081305498595e-01,8.567868043342420359e-01,1.559955651121682774e+00,5.068683656008395877e-01,-5.075939729785018395e-01,9.584663529401165061e-01,6.351121434069775251e-01,1.550976413158324518e-01,-5.287322824206494021e-01,1.172860086317081052e+00,3.529138890173760257e-01,-1.112223730627270868e+00,-7.846486474562608393e-02,-3.223538852303208246e-01,-3.400712332940214466e-01,3.714516126621042469e-02,-1.235720554255621106e+00,-3.095564404438077566e-01,-8.356810403679414412e-01,1.366485002260702311e-02,6.909723219928930460e-01,-9.087769340493878634e-01,1.872531298355612384e+00,9.515286749390642340e-01,1.036768387995931517e+00,-1.427573278468109885e+00,3.312048311789050903e+00,1.550854201210909222e+00,6.756512642045731099e+00
5.744470143503611625e-01,6.676471004122095376e-01,-8.500513981243914552e-01,2.003099436100910236e-01,-6.859048236171763069e-01,-8.084901925270275846e-01,8.447808122926183660e-01,4.413028681558781585e-01,7.707766794593006177e-01,1.359939235126780277e+00,-9.309123549484822624e-02,-1.051178743705701857e+00,-4.694358265774146166e-01,5.881502215703900971e-01,8.095265672791176481e-01,6.263023509866567640e-01,5.159866517736803188e-02,6.017756987561413418e-01,2.402688461099756978e+00,6.129210584408156803e-01,-1.263846960566422872e+00,1.124637348711662765e+00,-3.863225209971136720e-01,5.584970227994809910e-01,-2.025496192958922137e-01,-3.110942434677237967e-01,1.399567497124216908e+00,-9.675692724102732956e-02,-1.132074626816371721e+00,1.080578320753786958e-01,5.318610512031084481e-01,-7.651565779953689583e-01,4.907687567103888315e-01,6.201258347518260328e-01,1.019784186488232658e+00,1.357839736020255206e+00,2.430986283660146741e-01,-5.328175424096804891e-01,1.698046617895624832e+00,8.053004188491652560e-01,1.929207288462836400e+00,4.556147621815334614e-01,1.213209234053183483e+00,-3.501354120570666917e-02,2.478743512610197541e-01,-6.593985424324231293e-01,4.222949572756152237e-01,-1.650323323749010918e+00,7.119665159388252063e-01,1.442530031421345171e+00,2.089131060090075320e-01,-5.498363458753491306e-01,4.030756660729862273e-01,4.426881840955796954e-01,-6.745172759600925882e-01,2.079940504214940589e+00,8.202180987322994499e-01,1.320235958697053569e+00,-7.038834858205749168e-01,-1.448360381647919137e+00,1.335965628016633877e+00,5.820460789141242985e-01,3.704205387527580995e-01,6.772512937331498506e-01,-3.918896849560010165e-01,2.108271642297999127e-01,6.267954140713032363e-01,-8.140720452204887048e-01,-4.032775579724416637e-03,9.490344351162295355e-01,5.472644177107340857e-01,2.415831731240013214e-01,2.146731260200508418e-01,1.881329292640348816e-01,-4.275422672830735404e-01,-9.400123376738568348e-01,-3.314618278902086157e-01,9.261069906718379097e-02,-8.851464921328281443e-01,-6.180888258930333778e-01,1.600963893001363436e+00,-8.505717067357150274e-01,2.058848280955393406e+00,2.997645502924808802e+00,1.078594885595688613e+00,1.448150728399223208e+00,5.967792908450153533e-01,-2.716808100105746471e-01,-4.823412607577953239e-03,-2.096805594456772615e-01,6.798636027602539267e-01,-2.207151648578302705e-01,1.078796602960410800e+00,-4.721067957176019458e-01,-2.562071485114346681e-01,2.865380689372676315e-01,2.612098812774961074e-02,1.183672854878487390e+00,-1.728072416043955062e-01,1.365220529109989034e+00,-8.144234550734961997e-02,-1.114725540931556846e+00,1.766286015505720064e+00,-9.199054434475393283e-01,5.490826497579542886e-01,-8.036252733391733294e-01,1.638924383363265624e+00,3.289287380993309862e-01,9.819168439275016702e-01,-2.654293994576045534e+00,6.259779654894213063e-01,2.004966099521227285e+00,-1.010217697207465432e-01,5.977867811030169731e-01,-1.323175406787308328e-01,-1.098990862097710020e+00,1.299167451944479301e-01,1.371308014643718209e+00,1.242881162971366305e+00,7.882009197655269750e-01,8.416409005994202053e-01,7.865191395619512971e-01,1.089240214582378186e-01,-7.837548600105535002e-01,1.167103547027370958e+00,-3.491371356255784097e-01,3.345961435294294017e-01,-1.744489298780278197e-01,-5.250162886684105884e-02,-1.956442242482833715e-01,-3.531447524250086456e-01,-3.511663131752535416e-01,-5.362979864187200629e-01,3.558375319160354822e-02,3.626032023355727496e-01,-4.719374000214813791e-01,1.253221469208273708e+00,3.592832999100827873e-01,-2.727579177434918400e-01,2.123665304133042220e+00,3.508747319956893596e-01,-3.378136062854807803e-02,1.684453558696181519e+00,5.871895148912268381e-01,-7.911776789556114187e-01,6.005135892689659194e-01,6.810469355483456111e-01,-3.365776403032243458e-01,-5.342028720558581467e-01,8.073999031135897786e-01,1.304907838557973987e+00,9.574222473826096702e-02,2.934304240198253727e-02,2.163631308621652982e-01,-4.666646440504970128e-01,-1.216718377539674822e+00,1.466289962356963072e-01,-4.442864945705048418e-01,-5.212090045943231775e-01,1.940106331401729722e-01,-4.516052116887583900e-01,6.126772871633482387e-01,-2.256328938291142450e+00,-7.223879721849949531e-01,1.050284215227548668e+00,1.089056767680819798e-01,1.352155999452242519e+00,-2.053595590425063774e-02,-7.663268901331963256e-01,8.610076907878416730e-01,1.565703914423756782e+00,5.258285881897521996e-01,-5.365447744349975956e-01,9.523289019518551557e-01,5.328383277586440370e-01,1.689108488016527465e-01,-5.340481735275484088e-01,1.148530055300460706e+00,3.333322467053033700e-01,-1.155257765226189504e+00,-6.174263814482097712e-02,-3.915083124330713815e-01,-2.772499464107058831e-01,3.762669223816181990e-02,-1.218495424189540932e+00,-3.061402784167551738e-01,-7.808019181003973408e-01,2.632783249261508654e-02,7.736723037833923566e-01,-9.494024918529606616e-01,1.924669692577340552e+00,9.576135203336868518e-01,1.058977157488116605e+00,-1.444284239708794493e+00,3.362031710858132350e+00,1.518566609239341503e+00,6.925895249246999619e+00
5.785040336432984986e-01,6.866289030784182845e-01,-8.447744511117961652e-01,2.061853587187111592e-01,5.664620939864699611e-01,-7.976338148187213095e-01,8.474144254763756878e-01,3.721711698370038235e-01,7.195252814834205424e-01,1.382042427788032324e+00,-1.093100873946820928e-01,-9.790979639156383030e-01,-4.289645764019813790e-01,5.637321437938548341e-01,8.555624364900663581e-01,6.482287667277947252e-01,5.664111650963060685e-02,5.901181260997501177e-01,2.329616044628701310e+00,6.435108436855757619e-01,-1.276187060316708699e+00,1.131703206129995642e+00,-4.007198361412996901e-01,5.504540019361408021e-01,-2.116183547080189298e-01,-2.906815335643703202e-01,1.391669172398618315e+00,-1.160160115117128687e-02,-1.090422870574947689e+00,8.952187938424853442e-02,5.462894848330790420e-01,-7.703636848042920704e-01,5.459125340506042479e-01,6.445396483377939800e-01,9.670016635338304356e-01,1.327330743610230623e+00,2.299492725324878972e-01,-5.677193227357589800e-01,1.690537947780865746e+00,7.832790265612129543e-01,1.960474818995468604e+00,4.475370975704774379e-01,1.213928964758265838e+00,-5.778026352145210903e-02,2.281083971147646328e-01,-7.615196641637244079e-01,4.525235870443575781e-01,-1.621357719863924629e+00,7.214792113962503750e-01,1.408044213843056003e+00,2.252240507329313635e-01,-6.176554886389838961e-01,3.663766680266658526e-01,4.457106550162285297e-01,-7.366874331670871801e-01,2.081618483276703291e+00,8.372229799894244096e-01,1.296657059932665668e+00,-7.187302100891264089e-01,-1.426762769528989727e+00,1.446325848838267314e+00,5.975010540775026469e-01,4.124946666902227776e-01,6.744685613492594767e-01,-4.045406661346175325e-01,1.751693570769767283e-01,5.803833400559249567e-01,-8.330899143882195546e-01,-4.209319415038738355e-02,9.888926463507847764e-01,5.207388465756535023e-01,2.267669924883087273e-01,1.891880873726173584e-01,1.952830233372895297e-01,-4.288588576675376185e-01,-1.005496631711612965e+00,-3.397484589012850220e-01,6.556429721914733277e-02,-8.729501599047776450e-01,-6.399819619936548687e-01,1.632398847660432750e+00,-8.794777917988521043e-01,2.090060907234705390e+00,2.983695556499905699e+00,1.113514432536356846e+00,1.448318589039992332e+00,5.948466366427795915e-01,-2.697429154149885711e-01,-2.247153868725893736e-03,-1.973446271290809351e-01,7.076731725055680489e-01,-2.249318881417360638e-01,1.098901291112091227e+00,-4.680814966181787717e-01,-2.990490060938727490e-01,2.963343967421693259e-01,3.377319664499420920e-02,1.174515788864314958e+00,-2.454646458137981768e-01,1.363314069995306133e+00,-8.363114161231162413e-02,-1.106411683179061800e+00,1.725021027796535655e+00,-9.216791483121844486e-01,5.745528833042203853e-01,-7.858561659739834449e-01,1.618869624015127684e+00,3.201376941169241097e-01,9.980049890414406377e-01,-2.606234539848188092e+00,6.406991441146677735e-01,2.035805599674639588e+00,-1.403205352237537618e-01,6.176565222714521797e-01,-1.320151827252754317e-01,-1.114122052608384150e+00,1.150198070225378344e-01,1.343400753530834102e+00,1.225956789452542051e+00,7.519117667806896055e-01,7.876575518360060535e-01,8.510548637514895320e-01,9.449180151096923941e-02,-7.461195198364791725e-01,1.180718426318829728e+00,-2.921994937185539154e-01,3.211264496779893118e-01,-1.945589445744154156e-01,-3.863557944199836475e-02,-1.827337988835059657e-01,-3.249890582408749840e-01,-2.998573498112882540e-01,-5.612141556506986539e-01,5.768438292279677582e-02,3.862932887087286438e-01,-4.359051750335475317e-01,1.261441600414501707e+00,3.513994546679920505e-01,-2.403276992201556772e-01,2.135117104067150162e+00,3.061290247027261824e-01,3.535354853010250903e-02,1.712902954729807581e+00,5.503264722700390577e-01,-8.507928664988284595e-01,5.663151631065045377e-01,6.819266822706263609e-01,-4.387175842612835441e-01,-5.558674927199750426e-01,7.711620906456887470e-01,1.291293666177451227e+00,1.005738828264071127e-01,8.055199997410536494e-02,2.165621767838700473e-01,-4.774524201822218927e-01,-1.227935408632269132e+00,1.050549497433648921e-01,-4.997296819513475929e-01,-5.353625565951567467e-01,1.591549682521433418e-01,-4.782397682421507534e-01,6.220808198531788680e-01,-2.304463996297267059e+00,-7.390071875847369354e-01,1.030273837341258769e+00,1.459509638278436439e-01,-4.726977027153898003e-01,-2.494143586132442983e-02,-7.476123781842091143e-01,8.712256680184751190e-01,1.583489249158278156e+00,5.105426953527845146e-01,-5.340323659517655086e-01,9.544300980178462845e-01,5.222855126572517603e-01,1.549689273673496848e-01,-4.531535439737037763e-01,1.148413150181623488e+00,3.243328938323309929e-01,-1.151771256878304728e+00,-8.533376471287072718e-02,-3.514306051592954727e-01,-3.165187308452017123e-01,6.645317633330574680e-02,-1.220426109318550445e+00,-3.121697897674807765e-01,-7.678960191091315224e-01,2.306275805119622352e-02,7.337254330484110909e-01,-8.824830044151360520e-01,1.923276055057593137e+00,1.002459952337144022e+00,1.029323614915962137e+00,-1.454529379822190105e+00,3.313393459521071005e+00,1.534304093659647927e+00,6.950215559456270675e+00
5.449809932970404169e-01,6.856984953807303551e-01,-8.124899839465267171e-01,2.165656166045295261e-01,5.640851960587970337e-01,-8.054803658097710040e-01,8.439860161877956735e-01,3.586771817053345246e-01,7.785299208052167685e-01,1.358047104173388808e+00,-1.133641635461817149e-01,-9.845509362520864505e-01,-4.298432828824174656e-01,5.562337978305910147e-01,8.544363010125172186e-01,6.568662779049285749e-01,3.752255327906552085e-02,6.142664680819198697e-01,2.357089566412492232e+00,6.301328713193645736e-01,-1.271215673151303571e+00,1.161756607951149434e+00,-4.173795929900984691e-01,5.134102033119675168e-01,-2.137211985636434386e-01,-4.031057017060085679e-01,1.401913368641907631e+00,-1.092876417297263814e-01,-1.111423399214296115e+00,9.116620799552095644e-02,5.508908863978471127e-01,-8.054541312072411863e-01,4.865917013808821467e-01,6.132840686866307678e-01,1.020571861298473104e+00,1.306442258146357061e+00,2.194598770747040184e-01,-5.118699040802122679e-01,1.715770139067525735e+00,8.009371713809051441e-01,1.950954423682332850e+00,4.589513735358428104e-01,1.186318197657905138e+00,-4.757202949340782333e-02,2.466736434776210796e-01,-6.640603172099335261e-01,4.791015726926967089e-01,-1.552211686587578132e+00,7.212072161225571154e-01,1.391291810551599006e+00,2.821804115231431598e-01,-6.266360664346609655e-01,3.740557083863009780e-01,4.310669545332934671e-01,-6.838901467175787507e-01,2.106297045715759264e+00,8.548288285038049272e-01,1.310025827075673055e+00,-7.231338663212298901e-01,-1.405725971440701993e+00,1.449159080422279589e+00,5.745990202321092921e-01,3.756606040878489594e-01,6.640203412378454795e-01,-4.451787013752354638e-01,1.390673053341880128e-01,5.742459596222430074e-01,-8.265593048777170049e-01,1.826845483999773104e-02,9.794777599067443496e-01,5.376038908518843140e-01,2.306207498978469772e-01,2.071781463517442801e-01,2.095562041029568612e-01,-4.195467719064984724e-01,-9.059066331352986223e-01,-3.234445106829404448e-01,5.232054415319745133e-02,-8.814597369161440987e-01,-6.513447666468767938e-01,1.634947986957634658e+00,-8.804467984867424546e-01,2.074053953632493119e+00,2.974840095653788818e+00,1.109681757456489670e+00,1.397211038636257063e+00,5.847538335976347756e-01,-3.026889853761144389e-01,-2.444455502884515519e-02,-1.933612991949205939e-01,7.132387052766064883e-01,-1.835133870866730854e-01,1.082722885006888625e+00,-4.696414427488389554e-01,-3.109136061501768244e-01,2.786309309238130805e-01,2.473277807729393207e-02,1.159914415161761747e+00,-2.390411949027258787e-01,1.409192655550399298e+00,-9.506841496166273942e-02,-1.241932879951592739e+00,1.762250572932396064e+00,-9.565547603436292956e-01,5.829394217257117816e-01,-8.237779809365806116e-01,1.638606700449412701e+00,3.321554048473802090e-01,1.007944444445520338e+00,-2.643513264924155504e+00,6.316669666246633730e-01,2.018619963800234451e+00,-1.384355177723981534e-01,6.269620954436612159e-01,-1.369584508374318832e-01,-1.113465283860020083e+00,9.755729670596764713e-02,1.328488817844420300e+00,1.261019617989774577e+00,7.406379068590736026e-01,7.646630082842126308e-01,8.748046068567508771e-01,8.512329599023885085e-02,-7.697843699345243706e-01,1.176834406276084932e+00,-3.134257889589280310e-01,3.107450860436999918e-01,-2.111761212805360333e-01,-6.095627541914663133e-02,-1.691111627803044692e-01,-3.369308207276264233e-01,-3.414181342795329366e-01,-5.529489936368039427e-01,8.016966854019656752e-02,4.365701412374217716e-01,-4.318426605732805790e-01,1.236173776913100708e+00,3.391365264352328435e-01,-1.926966318505991815e-01,2.103302004620780430e+00,3.354531193468749395e-01,-2.612422651498734483e-02,1.740062849760515951e+00,5.230184001359431401e-01,-7.972654099916882675e-01,5.911719458374374847e-01,6.220499400716030802e-01,-3.307882099546751165e-01,-4.514016177383233797e-01,6.648278037563263299e-01,1.245056011854762446e+00,9.548803412178399896e-02,5.462442355655777043e-02,2.241744518134159980e-01,-4.333721509229783164e-01,-1.218699056761725297e+00,1.530007986737602355e-01,-5.020142008199937056e-01,-5.302899401108147615e-01,1.625021207301238502e-01,-4.898303900530270871e-01,6.345345345707372742e-01,-2.215221004241060498e+00,-7.585534846164045941e-01,1.019599543125248697e+00,6.814415911794750869e-02,1.356437637231272975e+00,-2.250459086429362418e-02,-7.463792190780539348e-01,8.729639866326266429e-01,1.568337557955786110e+00,4.990337823663242300e-01,-5.101471271966228072e-01,9.514417486475501562e-01,6.025535699525155220e-01,1.686184352060405289e-01,-4.432896392206233660e-01,1.146489954678631573e+00,3.349754098694267546e-01,-1.197096171276119891e+00,-1.019459412944886539e-01,-3.624884408103674072e-01,-2.901068996427133007e-01,6.280495468209888743e-02,-1.250073947218675263e+00,-2.804032279107993020e-01,-7.866346059962372461e-01,6.946659291877482767e-02,6.961420349600302426e-01,-8.970098421927962251e-01,1.932899057440420121e+00,9.903958577308673572e-01,1.059445192272098213e+00,-1.433603928596845600e+00,3.339144626518821823e+00,1.542995398190902145e+00,7.021730367478710377e+00
5.845650264413756458e-01,6.830016659599449369e-01,-8.349320757428252415e-01,2.291374066725667125e-01,5.744814019935979843e-01,-8.255012352832846734e-01,8.599302170896788722e-01,3.434635864069948696e-01,7.597079308713683421e-01,1.315917139433005145e+00,-1.367198301396971294e-01,-9.885135916177687498e-01,-4.305347238909904561e-01,5.657540963637284204e-01,8.052984941235798999e-01,6.421185406549266839e-01,5.680365380234896067e-02,6.078951629219350172e-01,2.361076247500065062e+00,6.512685455488208541e-01,-1.300354514270595452e+00,1.147861879028559295e+00,-3.990050268136221545e-01,5.344000880711444745e-01,-2.063823985224953195e-01,-3.011768661585705886e-01,1.381144785998559277e+00,-2.489600040982358365e-03,-1.097314145112050054e+00,9.394751131316536608e-02,5.329212539034307028e-01,-7.673113585908806211e-01,4.743102119878386258e-01,6.110238668089444936e-01,1.029135387513719690e+00,1.316464424133870104e+00,2.418702837236838266e-01,-5.643824956246050739e-01,1.685462724787375022e+00,7.926243964736778835e-01,1.949893572158441613e+00,4.666013791478411665e-01,1.201646218058980198e+00,-4.700499303480652757e-02,2.676419661341740142e-01,-6.834508372802045040e-01,4.545500205860528165e-01,-1.667654790884603555e+00,7.173680684484112779e-01,1.402934998256481380e+00,2.057554848145526638e-01,-6.223561848037812982e-01,3.687647035909658033e-01,4.487806199235668814e-01,-6.890074105696861739e-01,2.083222313093989086e+00,8.453360053064514767e-01,1.296652678505892498e+00,-7.165259161203996197e-01,-1.452478734136924743e+00,1.461748891120446370e+00,5.690319099773312184e-01,4.331582377686160612e-01,6.859053306729424593e-01,-4.011754331352978542e-01,1.500014753193214256e-01,4.382051617193280513e-01,-8.236664314506754181e-01,-7.870106507339158508e-05,9.642579049387564050e-01,5.384351157017226441e-01,2.551148354753793868e-01,2.009535089661889373e-01,1.889994975582367231e-01,-3.940844547412821197e-01,-9.029480549346722285e-01,-3.149714544569547359e-01,6.893217542352245153e-02,-8.317545334122736778e-01,-6.582823108127890954e-01,1.625976603125751874e+00,-8.815512960386859831e-01,2.089215613234300051e+00,3.004136764036674290e+00,1.101587576819778924e+00,1.490874012292978223e+00,6.001187476028883028e-01,-2.698874531840940727e-01,-2.695693392954314795e-04,-2.294300255347337392e-01,7.053618528040076496e-01,-2.489055728870077089e-01,1.093978602897689889e+00,-4.445959605440536477e-01,-2.928104373644984659e-01,2.012441579718929341e-01,2.966342019036108391e-02,-1.322053220962908504e-01,-2.089156481797043996e-01,1.366539563873168328e+00,-9.388530373149911457e-02,-1.111058395795145204e+00,1.735750508352601917e+00,-9.337875857679587277e-01,5.436856037842738854e-01,-7.957449716128355277e-01,1.620539088547180873e+00,3.226182674808437123e-01,1.011527523080927526e+00,-2.620947219863930755e+00,6.160216021028979139e-01,2.045181713653319910e+00,-1.075328719518479914e-01,5.347254626253893361e-01,-1.773227054192218211e-01,-1.084446655328003661e+00,1.222423108118214641e-01,1.360623799332669748e+00,1.228147964974091622e+00,7.556752082101330092e-01,8.354788319809232089e-01,8.011284707957179174e-01,1.004143050667212766e-01,-9.109432059916112712e-01,1.186709310713945253e+00,-3.646224645758335270e-01,3.635482417999647553e-01,-2.053031896506147813e-01,-2.470719391580923630e-02,-1.820082490316718982e-01,-3.369641874678913629e-01,-3.189909143234500588e-01,-5.322822509655418255e-01,4.078213460323357187e-02,3.396272038968835560e-01,-4.521830836669042952e-01,1.213071973773095058e+00,3.664938700625547940e-01,-2.314961987473161120e-01,2.096226874094325066e+00,3.424306465471812500e-01,-3.912582615694935526e-03,1.711785987113353613e+00,5.623713476602307804e-01,-8.490301510395408258e-01,5.155619226409656752e-01,6.344854088019681315e-01,-3.525343046598559127e-01,-5.541592290424630640e-01,7.753037694770777977e-01,1.250908465490043975e+00,9.656723304290953935e-02,7.691288892222028495e-02,2.273544155972761771e-01,-4.563286100076212604e-01,-1.226662233160897841e+00,1.112917889526957166e-01,-5.039357848824781438e-01,-5.230162402950330192e-01,1.964105811654164035e-01,-4.737030914351336164e-01,6.213355431603364565e-01,-2.317226714506240182e+00,-7.424709518510609341e-01,1.033116490130173259e+00,1.458009339379451874e-01,1.381333119097367224e+00,-3.726904153030323463e-02,-7.474382144697057084e-01,8.920362690058035726e-01,1.565066243494396270e+00,4.599404051214663336e-01,-5.288099787533182550e-01,9.473804791078612730e-01,5.783092526770443609e-01,1.994852260870902116e-01,-4.914016667714707354e-01,1.165216910826232244e+00,3.283181406035839411e-01,-1.205063773920725501e+00,-9.014515879372422824e-02,-3.799245058050725321e-01,-2.992668804126718540e-01,5.806894851062806284e-02,-1.230243362905388826e+00,-2.984882604711199816e-01,-7.727164795988408219e-01,2.120521202206189504e-02,7.403591821942216988e-01,-8.846052229938231592e-01,1.922324988213957919e+00,1.004506980237102942e+00,1.025612932855244130e+00,-1.432604467395882430e+00,3.310503993595034000e+00,1.541658354783255858e+00,7.028495102818830276e+00
5.686413210579426281e-01,6.651002550720929163e-01,-8.514520297648603409e-01,2.331793692509000204e-01,-7.305910814929128527e-01,-7.719494364800103536e-01,8.705879937104630262e-01,3.237423256253481041e-01,7.528429995332680535e-01,1.382548010693991580e+00,-9.818496922553025807e-02,-1.025309866365345490e+00,-4.923921769321371045e-01,5.644762955992912445e-01,8.584267479350626839e-01,7.001314389807036243e-01,6.467491564373838153e-02,6.185007842729733918e-01,2.416454452020117216e+00,6.276677336756811831e-01,-1.267277981747976234e+00,1.125491165621157474e+00,-3.947260823086009562e-01,5.223454447729203309e-01,-1.834954531466705119e-01,-3.893406397551710807e-01,1.429267511376502542e+00,-5.416917043341029636e-02,-1.098369503187926366e+00,7.539770594163844319e-02,5.511794504001935602e-01,-7.751082992022340079e-01,5.306472275163334196e-01,6.188988686547650664e-01,9.740227161102129605e-01,1.281331739166261308e+00,2.417408248208251509e-01,-5.005976805313416822e-01,1.647456016247986321e+00,8.260904313815005118e-01,1.909184967475424877e+00,4.667469910770548625e-01,1.215799113250927155e+00,-5.399660273858213067e-02,2.847720332528486109e-01,-6.786084717904938834e-01,4.666145392476874210e-01,-1.545307679390498290e+00,7.108184246126963979e-01,1.376504975499306616e+00,2.824751773921531650e-01,-5.811636641782195190e-01,3.613514656482492149e-01,4.231553870273384033e-01,-7.548274915599304524e-01,2.094583582203641381e+00,8.419431934277402663e-01,1.318977246567682560e+00,-7.033711636563316771e-01,-1.443552442663396107e+00,1.425561368373358784e+00,5.710315903426164130e-01,4.292573824162271845e-01,6.830818822548626601e-01,-4.039935090579843124e-01,1.955435268385483927e-01,5.535698058565627910e-01,-8.261508576476593868e-01,-6.113851742406500867e-03,9.963452088617051894e-01,5.587580886110452560e-01,2.643836703605168537e-01,1.995748207313637335e-01,2.049613465883338703e-01,-4.225717016157690686e-01,-1.000738168053547650e+00,-3.130057698225872653e-01,6.945884645116748302e-02,-8.501671075989126747e-01,-6.551155444931013871e-01,1.585053961616791129e+00,-8.527128356251272301e-01,2.087218608666167707e+00,2.979111228966793590e+00,1.112867407603909342e+00,1.392622114975134329e+00,6.346649857788921878e-01,-3.035941431925209266e-01,-4.044746022959830323e-03,-1.806532580860720494e-01,7.329312586035703347e-01,-2.402854499705634472e-01,1.101000693702942623e+00,-4.366628518355687438e-01,-2.900001723827696498e-01,2.896939127845615802e-01,1.423562542494273900e-02,1.145551884287932642e+00,-1.773958528086795605e-01,1.391252612729581672e+00,-9.041692125075147246e-02,-1.117902691936575543e+00,1.708908239847168220e+00,-9.020351586176628134e-01,5.604253066227952162e-01,-7.834494020243089052e-01,1.656162250372417377e+00,3.584108401035017710e-01,1.001064905189367860e+00,-2.590510619065963915e+00,6.187735274247873063e-01,2.042567365907452803e+00,-1.190091057891267123e-01,5.653442971365293390e-01,-1.659006005725199018e-01,-1.074535783769268837e+00,1.095174146947869437e-01,1.376608551549577175e+00,1.256260025639303723e+00,7.827856790365417261e-01,8.410116532851781290e-01,8.656981981605232912e-01,9.871869651599383955e-02,-8.956425399622343075e-01,1.179361838892674097e+00,-3.065032344061847658e-01,3.655417565844983896e-01,-1.783026260583713274e-01,-2.349915368163778273e-02,-1.874341275687670672e-01,-3.311459781469391905e-01,-3.268733967044622490e-01,-5.489565591223871666e-01,3.696413558193204635e-02,3.866111655832964455e-01,-4.514800044063148610e-01,1.250295403733883592e+00,3.613686241060500848e-01,-2.101428035396594174e-01,2.088975842947565109e+00,3.099288466363486205e-01,3.488084864100960553e-02,1.721495057113426874e+00,5.459606870146564983e-01,-8.095007803248012168e-01,4.911571435662402396e-01,6.751458735152507940e-01,-3.341302243813203954e-01,-5.025142662273731631e-01,6.851735904681888201e-01,1.260757093899378622e+00,1.039118699980814686e-01,2.829952382501700267e-02,2.074483910964332600e-01,-4.568441439536476967e-01,-1.218029980225008080e+00,1.675508851875379679e-01,-5.050678106721169236e-01,-5.552093973614464772e-01,2.417584532655426832e-01,-4.671977833600345908e-01,5.976845339730166851e-01,-2.287790934631934725e+00,-6.873781229997814046e-01,1.009974318330541854e+00,1.377771388892468640e-01,-4.596760980592521917e-01,-9.048279624268431437e-03,-7.809430616679767789e-01,8.894526623835332657e-01,1.567350461451234134e+00,5.033171550477428813e-01,-5.248990802077250217e-01,9.485830271690696147e-01,5.839966648253985815e-01,1.840377497230039350e-01,-4.818103839937786237e-01,1.150570804708938466e+00,3.446798772183992665e-01,-1.189176383192259268e+00,-9.825549716447509740e-02,-3.283272226153606255e-01,-3.078888849454541332e-01,1.221092386990320494e-01,-1.213504437640419376e+00,-3.211896287789280935e-01,-7.766240491834690562e-01,3.073672124382826470e-02,7.460717467081648957e-01,-9.313307802609392949e-01,1.909877024588121586e+00,9.422399017013497469e-01,1.045551867940541113e+00,-1.428600920789078188e+00,3.309737224406800848e+00,1.508805502546187949e+00,7.158356007990999359e+00
5.700961200165335363e-01,6.902017064848812167e-01,-8.495221205624409189e-01,2.198911014369596961e-01,-7.530364512798773946e-01,-7.862531948790600911e-01,8.350555220562700942e-01,3.396405860544763899e-01,7.711917868770988838e-01,1.321079687865173824e+00,-1.156296360560717246e-01,-1.034077770147033393e+00,-4.228165150747452139e-01,5.566073257568752153e-01,8.531074533101333790e-01,6.561887465844995493e-01,4.932519800351420347e-02,5.270062547078733228e-01,2.427838441915698198e+00,6.426392562121132634e-01,-1.223110393648337624e+00,1.117220592541746216e+00,-3.725613264061842234e-01,5.467950087324942032e-01,-1.877413359948639782e-01,-2.743781280398134848e-01,1.423542708228217490e+00,-8.310563262461767575e-03,-1.115552120521925428e+00,1.135448359709399224e-01,5.922101249219491326e-01,-7.747709623248277833e-01,4.909563941014895572e-01,6.259060178423501153e-01,9.515552455844865642e-01,1.321222075530638751e+00,2.438799334053159407e-01,-5.552155822281117370e-01,1.712480147541290521e+00,8.280224409386709450e-01,1.990513873757604468e+00,4.421354869685311662e-01,1.208106131349496959e+00,-1.889398373879203757e-02,2.496640644975094692e-01,-6.917581548621400955e-01,4.716553002106740888e-01,-1.551746273564820200e+00,7.464007930190720286e-01,1.441070899611228473e+00,2.005328995286276283e-01,-5.815522759886184723e-01,3.767497135269877728e-01,4.383904716113257161e-01,-7.409012718574243817e-01,2.095234759062892582e+00,8.153121721714703396e-01,1.319315775038026217e+00,-6.985313709239081570e-01,-1.431455040014254276e+00,1.438138468913168877e+00,5.809516497685334180e-01,3.765656564696738817e-01,6.920451183765935488e-01,-3.651189086251442339e-01,1.920133609375784534e-01,5.595651858695872560e-01,-8.367367476016660532e-01,-3.814438077357495960e-02,9.590563671631842091e-01,5.562470350922205098e-01,2.427966072500942485e-01,1.924633992190956377e-01,1.978285893242532623e-01,-4.124393360829148869e-01,-9.598678666579611996e-01,-3.084173893307374237e-01,9.033929423785688750e-02,-9.222696918543897837e-01,-6.434152616658582735e-01,1.627605621627642885e+00,-8.878427514507085672e-01,2.085032591041313221e+00,3.001536092723056548e+00,1.191710911947455154e+00,1.471337034056801496e+00,6.062621394582672352e-01,-2.837758418076233302e-01,6.106457575374381851e-03,-1.959880270163556759e-01,6.878239066834235249e-01,-2.311019442986528283e-01,1.079708653319550571e+00,-4.420490467466922091e-01,-2.975627352888222110e-01,2.406077801995783472e-01,5.232530485500565265e-02,1.150463387524921943e+00,-2.348089632419559092e-01,1.391917576163431924e+00,-1.005217383774968248e-01,-1.251591780306236412e+00,1.764127276839342340e+00,-9.086105206799187650e-01,6.076256485154910569e-01,-7.962742502848128012e-01,1.637607466126119293e+00,3.621858727434754122e-01,1.013798668521770141e+00,-2.488191569453682028e+00,6.172687996906374153e-01,2.033125837805563663e+00,-1.617813642044080569e-01,5.640077019191152008e-01,-1.613898133762946552e-01,-1.091033349641445938e+00,1.251322069451106245e-01,1.375108015605252199e+00,1.227889722525290495e+00,7.572155713487170869e-01,7.924778455467020866e-01,8.647360083540847064e-01,1.143047473339896813e-01,-8.100581674844293811e-01,1.194280041441301510e+00,-2.878309815209630917e-01,3.251609987032391125e-01,-1.703569254192476567e-01,-1.654719304695765822e-02,-1.913328977526572716e-01,-3.239011617265136755e-01,-3.228139431933748082e-01,-6.456504094352277789e-01,4.815271194336905730e-02,4.095227316900226788e-01,-4.533755336223099786e-01,1.212152706160698701e+00,3.877002711585147421e-01,-2.029093770283175724e-01,2.109517780381597873e+00,2.850389073897802716e-01,2.964451780496357713e-02,1.718521569272515759e+00,5.490389255671129787e-01,-8.014119616042367777e-01,5.915877335638027867e-01,6.367641809990522983e-01,-4.418380643839603383e-01,-4.671646311287493969e-01,6.935575237546184324e-01,1.264895888535734869e+00,8.853220774775337476e-02,-5.365090929529244684e-03,2.283452117569630957e-01,-4.559372179178975970e-01,-1.242718163950432553e+00,1.597663086911096098e-01,-5.055505000127490378e-01,-5.325942039985641641e-01,1.582938982579767673e-01,-4.822553434801569727e-01,6.184594752474690260e-01,-2.294695155186022184e+00,-7.474061090044498146e-01,1.041623332449392203e+00,1.084459492846504836e-01,1.400166566586210193e+00,-7.670359899676837401e-02,-7.855131426298084252e-01,8.793517123047639439e-01,1.572134734695767921e+00,5.437418654368791904e-01,-5.292944949605101757e-01,9.684002814762484590e-01,5.336691671865305686e-01,1.856767121697372458e-01,-5.301014890539678115e-01,1.158339727011021836e+00,3.559210902695457701e-01,-1.200369012300975591e+00,-8.294457444298533599e-02,-3.411629578049619194e-01,-3.344719830686704309e-01,1.223680260898192818e-01,-1.226414493014914120e+00,-3.097893562278746793e-01,-8.419390144382528085e-01,5.414685919218424279e-03,7.635249020044126977e-01,-9.347566252186462199e-01,1.938012030748295755e+00,9.653145970969395639e-01,1.059877342697861158e+00,-1.428678715539834387e+00,3.361457051770102122e+00,1.543210145685666834e+00,7.218974420942481984e+00
5.555508874457636415e-01,6.870551487428377957e-01,-8.326492218586475369e-01,2.106204324971898967e-01,-7.339699658127341042e-01,-7.724647156368704692e-01,8.416985116888101581e-01,4.551784356550588884e-01,7.345762971953921916e-01,1.362007184656998993e+00,-1.190895861418130169e-01,-1.044121971102938140e+00,-4.393812057324682496e-01,5.633246831216743855e-01,8.759147279304291267e-01,6.365410543653776676e-01,5.145346122271802353e-02,5.449281910251613237e-01,2.370138300128600939e+00,6.413229855356818998e-01,-1.236395226261691960e+00,1.150195086187635551e+00,-3.850291768095809863e-01,5.405400290491798598e-01,-2.076871794720309694e-01,-4.068947813400995983e-01,1.440565820840269629e+00,-8.356133282252373173e-02,-1.119291387922969561e+00,9.914338283513920991e-02,5.602518720641589400e-01,-7.643991120362066960e-01,4.741337753196823157e-01,6.180855413179859870e-01,1.012639663612700636e+00,1.324031916833839695e+00,2.198335105037553805e-01,-5.651943892671056346e-01,1.697979664302402325e+00,8.416439359118867980e-01,1.930054558605669879e+00,4.618620310735992995e-01,1.227477427516074249e+00,-3.429075673840829841e-02,2.980287257163635184e-01,-6.736952669634744817e-01,4.922389770558752153e-01,-1.553459856242426884e+00,7.224388383074112907e-01,1.402098954366090666e+00,2.266097176302747929e-01,-5.668780551439068782e-01,3.808548362179149382e-01,4.076191056007316682e-01,-7.466679414297727746e-01,2.112908080885336215e+00,8.637409903141570755e-01,1.301440764179033316e+00,-6.697805663355012040e-01,-1.413632722634701189e+00,1.452036162352308812e+00,5.644588154099049460e-01,3.643897332370943931e-01,6.525451638898797091e-01,-3.704584694576187887e-01,1.303805645371673982e-01,5.744089490281312216e-01,-8.429648199209007764e-01,-5.916577153557907830e-03,9.531206140940370330e-01,5.504514754907574581e-01,2.703764843813271090e-01,2.059933247649775034e-01,2.236625931058402461e-01,-4.141777752008449220e-01,-9.963068160417876129e-01,-3.280739634942251293e-01,8.163169544492981933e-02,-9.145908782938061421e-01,-6.285881767886563054e-01,1.588168939181813455e+00,-8.919052182508031557e-01,2.083256438035031799e+00,2.988225029660108500e+00,1.107591261695943574e+00,1.453002956810912627e+00,6.529100573913702021e-01,-2.782844329450859799e-01,3.837400438802232756e-03,-2.063982269522180168e-01,7.004092092331146713e-01,-2.486504082245896974e-01,1.090413428930317563e+00,-4.325397555263252869e-01,-2.444200661757663096e-01,2.153735878840010443e-01,4.802188797969823147e-02,-1.416827258845074766e-01,-1.894933861226038851e-01,1.362021812025914436e+00,-8.482597011134408727e-02,-1.103226088234652291e+00,1.728093768168396771e+00,-9.139877760307762999e-01,5.877617818917100223e-01,-7.938638356691328779e-01,1.634469001314039494e+00,2.902772933374311304e-01,9.773876520150326375e-01,-2.555433814131361725e+00,6.111948976013373835e-01,2.048497422313070082e+00,-9.984212498400106550e-02,5.768598032237075568e-01,-1.209409936503292315e-01,-1.115873001778775242e+00,1.051609304015392599e-01,1.380110458922195082e+00,1.263765335341566098e+00,8.007976678894848099e-01,7.736841816624878687e-01,8.748906809641410209e-01,8.696799867397321526e-02,-8.746391883058768357e-01,1.181504374263071533e+00,-2.991974542309392415e-01,3.596872373874334117e-01,-2.030938140683349324e-01,-1.805535437760395767e-02,-1.597975068666606657e-01,-3.332910936943707103e-01,-3.379662951144657423e-01,-5.658408759258961584e-01,5.145598491348555431e-02,4.339906994791228323e-01,-4.503601677844651929e-01,1.251104602210734607e+00,3.600125861291585960e-01,-2.538458479972887649e-01,2.124080778096515409e+00,3.053485668295790045e-01,-3.178444875616324994e-02,1.748904027482560464e+00,5.357577121806620379e-01,-7.908545963270231516e-01,5.209095368101833712e-01,6.882466797124908719e-01,-3.573765638418910373e-01,-5.033895981106184525e-01,7.739529273308280999e-01,1.230883074724065773e+00,9.996322001149506031e-02,-3.717793554303671592e-03,2.099145545085470688e-01,-4.645617027297648249e-01,-1.191582331839904585e+00,1.449047708840247861e-01,-4.341846402070482780e-01,-4.984221152713418368e-01,2.358235861357163288e-01,-4.191986281809245707e-01,6.171018842896696111e-01,-2.270825401083771844e+00,-7.272468484286779278e-01,1.028354719119983551e+00,6.727718470711481491e-02,-4.568382013800978414e-01,-3.261881396106627862e-02,-7.662741675811632902e-01,8.343087503021349161e-01,1.571245524705891627e+00,5.514062178207760345e-01,-5.585796759626049379e-01,9.450265522277597752e-01,6.455345712084159526e-01,1.607294796958161354e-01,-4.778471205894428975e-01,1.110262022598425435e+00,3.307629526994673719e-01,-1.116875599202518776e+00,-8.036642660963334850e-02,-3.376297575933835948e-01,-3.046051508630341909e-01,1.077146317746057458e-01,-1.209296363434680721e+00,-2.754875776437676338e-01,-7.857348433617539207e-01,2.516533523829194222e-02,7.590559695907691529e-01,-9.032946479753223290e-01,1.926275563119539624e+00,1.002233731128353567e+00,1.074792464396343794e+00,-1.449401841921509559e+00,3.352460792303660675e+00,1.560065866313562477e+00,7.297848876563358012e+00
5.503554889314129506e-01,6.593440984564521434e-01,-8.310166522282621537e-01,2.108215989357981324e-01,-7.562546029906778156e-01,-7.860670402912178778e-01,8.723726600808405784e-01,3.286418507719294779e-01,7.721079662425612833e-01,1.325489779299207971e+00,-1.034970189662921952e-01,-1.012733926939103579e+00,-4.634089538722359625e-01,5.620636414019284377e-01,8.132146010204002184e-01,6.610635898907191166e-01,4.817427490289911268e-02,5.981076219421518347e-01,2.385909132766379948e+00,6.263967413046375166e-01,-1.187545507772642228e+00,1.145202577885895634e+00,-4.048643381523996942e-01,5.575312585135271393e-01,-2.123283054050341956e-01,-2.847347387755815307e-01,1.386374522847945379e+00,-8.663969488704026389e-02,-1.103410537536488878e+00,9.010878729353331840e-02,5.501823373466860900e-01,-7.757348396256268375e-01,4.811487306137764985e-01,6.229757271968695553e-01,9.946164127468467564e-01,1.312675746834172985e+00,2.423996083655195199e-01,-5.529248485373902122e-01,1.711279038524504470e+00,8.174021341780286498e-01,1.974954387164883585e+00,4.630764005175465603e-01,1.212291214563341768e+00,-1.695438574868068579e-03,2.779710309279087022e-01,-6.436704842579541452e-01,4.671143879449849989e-01,-1.560372266462960678e+00,7.496881456339944405e-01,1.458303477461452946e+00,2.176455309481863665e-01,-6.308590250344978667e-01,3.630729193194683901e-01,4.568832533209323810e-01,-7.020588851483527959e-01,2.098832035074892577e+00,8.440600600940099119e-01,1.319253295322469821e+00,-7.123992609398066556e-01,-1.502667052622969290e+00,1.453725368220691871e+00,5.669144454940335809e-01,4.125429568750220155e-01,6.876905323664799230e-01,-3.891570186844549584e-01,1.903423246065696073e-01,6.174299424853038065e-01,-8.185423708058481296e-01,5.491613813526112151e-04,1.000261545060844970e+00,5.283122322967496176e-01,2.242734860493858229e-01,1.993829067464683580e-01,2.211338024973975580e-01,-3.906693328481965488e-01,-9.551082733712942252e-01,-3.041430336443445848e-01,8.327047946140873902e-02,-8.434669379463010097e-01,-6.646651847501928723e-01,1.605769255809326390e+00,-8.403315960598078949e-01,2.080888791015540917e+00,3.002255108090446267e+00,1.184411690097839642e+00,1.396158159405400667e+00,6.088616044180540365e-01,-2.967361607107193988e-01,-2.198001660937225557e-02,-1.761329252719433247e-01,7.584911796413416063e-01,-1.936881752976827853e-01,1.063757593243349397e+00,-4.725546687442333527e-01,-2.945007740602619273e-01,2.852463628544836816e-01,2.628303721248022307e-02,-1.428837256378196752e-01,-1.760238136406666598e-01,1.358331502243353528e+00,-9.768145641530751044e-02,-1.165337003754675083e+00,1.760500864895056861e+00,-9.175966489524813863e-01,5.922457384609552955e-01,-8.035774662331123253e-01,1.602926247776196078e+00,3.046022842511103557e-01,9.736466306445825669e-01,-2.652403892432052324e+00,6.235782010268730025e-01,2.038276820655022803e+00,-9.834530883388672984e-02,5.858190677681978098e-01,-1.757582763806466997e-01,-1.080282846554763365e+00,4.440329522741958551e-02,1.377157720475582936e+00,1.277814840383098449e+00,7.417338988905632924e-01,8.364801914285713291e-01,8.642782769368881901e-01,1.328486839544559817e-01,-8.910041404909365692e-01,1.200545821544430680e+00,-3.013483640892638538e-01,3.252224427326685374e-01,-2.286291213434110681e-01,-3.780190003253059566e-02,-2.152460151505084240e-01,-3.388917190253856737e-01,-3.665392807815425757e-01,-5.482225347036204788e-01,-3.660202943369715578e-02,4.007363248684346346e-01,-4.342831607830401341e-01,1.250750499838245711e+00,4.008204261029210125e-01,-1.972091975797148067e-01,2.101537968634764386e+00,3.174944095747368467e-01,3.103083650894420883e-02,1.686220933153455226e+00,5.421866777605716115e-01,-7.853939462968282381e-01,5.282327578813081903e-01,6.727848028170032579e-01,-3.352325731530327868e-01,-5.330899000680171529e-01,7.173829727680602897e-01,1.285897702717783364e+00,7.996741432622256340e-02,4.109588960220936227e-02,2.222487355555833044e-01,-4.560789113613645251e-01,-1.206485973870144335e+00,1.488889773306643072e-01,-5.050618611816498627e-01,-5.271909898101769798e-01,2.138317650375996526e-01,-4.476431180027142798e-01,6.250264543909187509e-01,-2.289823395227958525e+00,-7.175385690670772476e-01,1.038897245940797465e+00,7.038127769905509756e-02,1.380161216459508733e+00,-3.542090726032797593e-02,-7.395502475759508920e-01,8.250567688506781350e-01,1.554474500894746258e+00,4.625472377052812223e-01,-5.431497821863991993e-01,9.635964829370270435e-01,5.912852891149873447e-01,1.839401161314602740e-01,-5.176731950748889588e-01,1.154947126841812555e+00,3.290772098855251904e-01,-1.207089662655855378e+00,-7.194197836495487552e-02,-3.660368913263489232e-01,-2.783847232370909586e-01,4.537318238667655684e-02,-1.209954797635573343e+00,-2.797202964638694778e-01,-7.979595433087049994e-01,3.872833415364641818e-02,7.041124581280774342e-01,-9.399138639578891175e-01,1.907431661446125748e+00,9.606066567582265403e-01,1.063531826041026918e+00,-1.428513051780158305e+00,3.367319255645713660e+00,1.547191148653551007e+00,7.387797376353986145e+00
5.730781116601987302e-01,7.021330028183618843e-01,-8.298216886987248575e-01,2.126606458395392529e-01,5.666318805095366118e-01,-7.871910768016213700e-01,8.641343848106727288e-01,3.518678385631866523e-01,7.290160153778596497e-01,1.364751756075835321e+00,-1.106463660460135501e-01,-9.921298248837884248e-01,-4.340977983870167867e-01,5.630298860154379081e-01,7.989904892090858857e-01,6.448676586029229441e-01,5.534903712139847831e-02,5.389915356339486374e-01,2.360851153317718776e+00,6.540313379077530298e-01,-1.286487417509217801e+00,1.156231206160357239e+00,-3.886451214388705888e-01,5.577892498948880950e-01,-2.003621608757636396e-01,-3.981108167280960064e-01,1.380270817532353256e+00,-9.468651209134773539e-02,-1.133186123511719989e+00,1.029678462418818219e-01,5.332661321138882915e-01,-7.693205171162813549e-01,5.237394931279932830e-01,6.210070187627427796e-01,1.013381925165786068e+00,1.309466497209949676e+00,2.419513146211556831e-01,-5.355942901068017070e-01,1.707168593220797614e+00,7.924537495454834213e-01,1.916692112614408083e+00,4.546708002602857235e-01,1.210512935599811213e+00,-2.981043572874350275e-02,2.977621998881531673e-01,-6.867218167427561193e-01,4.254833634282623178e-01,-1.669698791652048264e+00,7.206826246779042267e-01,1.393069270768437784e+00,2.344783758485460834e-01,-5.648308522900075124e-01,3.645592928067146743e-01,4.060262897258993808e-01,-7.224549791315956204e-01,2.101771525148462771e+00,8.383482872527048269e-01,1.308614312038366645e+00,-7.272387525561937460e-01,-1.424929107642154635e+00,1.462016954634847155e+00,5.644026037387385175e-01,4.378877034651436073e-01,6.474672922653301743e-01,-3.882456320046856479e-01,1.396684442293850692e-01,4.454949791991718588e-01,-8.317747034067131118e-01,-1.995705028042396925e-03,9.558529201864132130e-01,5.398139215165532745e-01,2.874953374659233174e-01,2.042534656229141599e-01,2.069461193359432849e-01,-4.302647588119578037e-01,-8.923642098691513258e-01,-3.305401189489629576e-01,6.995436367315095716e-02,-8.589348101514115985e-01,-6.370487208632060749e-01,1.650199951205993942e+00,-8.451934108694925118e-01,2.088344717644974757e+00,2.998432082413848399e+00,1.079873247855309248e+00,1.456912190869317003e+00,5.921281135297454812e-01,-3.008014849369304300e-01,7.114099615063893510e-04,-2.107635905719692782e-01,7.261808439959780426e-01,-2.547525087364408969e-01,1.081158199372683537e+00,-4.820418878187641143e-01,-2.424978629078123060e-01,2.015253935213859038e-01,2.835483862182893583e-02,1.131070783614708919e+00,-1.931990654248115225e-01,1.361987831488199463e+00,-8.865512448525743328e-02,-1.236026730205301627e+00,1.732354676758419920e+00,-9.148567982895517980e-01,5.358089916119044283e-01,-7.919978677431772640e-01,1.629923943205654480e+00,2.836326104704722795e-01,9.893887441258923943e-01,-2.548847086894234781e+00,6.188408508783506123e-01,2.037098908088233351e+00,-1.509934947144857542e-01,6.147737225305929254e-01,-1.237866282402103474e-01,-1.120624296007324272e+00,5.604833241067874033e-02,1.333156928651017425e+00,1.263157452447614792e+00,7.734396365398421569e-01,8.504548993186775707e-01,8.100586439737216260e-01,1.069746698874455143e-01,-9.091226405309968950e-01,1.179382406061930899e+00,-3.299717864924479049e-01,3.635273352199946406e-01,-1.821068763469822493e-01,-1.990074570263617934e-02,-1.933166391326614775e-01,-3.332992789436709513e-01,-3.189643985973662499e-01,-5.693739588396845575e-01,2.696483404250571425e-02,3.609236272011542845e-01,-4.178061066433751969e-01,1.212692142090533443e+00,3.614403084218372197e-01,-1.907030800997719655e-01,2.122995523997924128e+00,3.413752312392100974e-01,-2.843875129141296837e-02,1.775645414558492119e+00,5.669813693933017928e-01,-8.142219554982720320e-01,5.117139373999617380e-01,6.112016975132614771e-01,-3.360575033370935549e-01,-5.528122982324882306e-01,6.987111694558658659e-01,1.315663660804819335e+00,8.754168145740795492e-02,4.720951768894954964e-02,2.337402082085903166e-01,-4.608146880158494052e-01,-1.190294236611364020e+00,1.254572706048654174e-01,-4.351964481799466822e-01,-5.046382444243618925e-01,2.342906226556274729e-01,-4.720073274556533804e-01,6.256190154657130797e-01,-2.309624664685685946e+00,-7.273525786854062591e-01,1.025777165902923560e+00,1.255389302674080609e-01,-4.677799596350389333e-01,-4.663653769734939225e-02,-7.694788922410246146e-01,8.658511533706773067e-01,1.572248122422484906e+00,5.254483397668006095e-01,-5.326388399556087894e-01,9.965234554520712162e-01,5.807518826210863461e-01,1.905221700467112367e-01,-4.932629682395137660e-01,1.168961693524516399e+00,3.546062141014267866e-01,-1.121667088731940876e+00,-8.752091621357782625e-02,-3.858568936050879028e-01,-3.115197468651547119e-01,6.229785720113484304e-02,-1.223030368459909090e+00,-3.174656978022478704e-01,-7.654389053849891544e-01,2.952373711762967118e-02,7.475448765530382511e-01,-9.874517734773455846e-01,1.907552002891484966e+00,1.005153081162897921e+00,1.061216913389539052e+00,-1.441475202508894382e+00,3.325155025544863641e+00,1.524763101056312742e+00,7.448500451372865427e+00
5.549885435687665902e-01,6.623958801097278304e-01,-8.216262732783740086e-01,2.223661934153024766e-01,6.000423166920253459e-01,-7.872196888086315791e-01,8.484722058144416046e-01,4.429098610152990556e-01,7.598079583098479306e-01,1.370160357870668921e+00,-1.024263928871589485e-01,-1.008334446121276207e+00,-4.287714866060560737e-01,5.550918830930924308e-01,7.839461324767903472e-01,6.354749837486939334e-01,3.686655545707022419e-02,6.088079203603041778e-01,2.392615207531288757e+00,6.461843454070536064e-01,-1.273358804685658985e+00,1.143734757539889291e+00,-4.093696574849848835e-01,5.482779917308443496e-01,-1.882101202961063702e-01,-2.963550871314723500e-01,1.384008443054904891e+00,-8.696929225077836001e-02,-1.114557037082238855e+00,8.096652659475767067e-02,5.210536965146752575e-01,-7.726423694782911245e-01,4.804461259440522269e-01,6.103497262629312692e-01,1.000659166052195292e+00,1.330221807736880146e+00,2.049139768283490814e-01,-5.464229999052765407e-01,1.681974794594669476e+00,8.075477313210623898e-01,1.982549668964566081e+00,4.615861214121491085e-01,1.171255036093183266e+00,-1.625247027721059973e-02,2.436131147853056178e-01,-6.767357802563095381e-01,4.531068675847128580e-01,-1.660746478979123086e+00,6.208611188283991167e-01,1.402820654028558378e+00,1.996978538465954411e-01,-6.243769001945380648e-01,3.709735782083151134e-01,4.677318569597606612e-01,-6.926674719323944185e-01,2.079192848239540314e+00,8.523758171953670359e-01,1.303213176375497495e+00,-7.156465193048725526e-01,-1.448815099222086733e+00,1.437444208300667103e+00,5.800408245696381249e-01,4.068614654184584123e-01,6.569998474644396236e-01,-3.822800958251724168e-01,1.885521479545680112e-01,5.680481585075346507e-01,-8.582797795060058688e-01,5.346065288217346362e-04,9.549893356329496319e-01,5.388261725376040090e-01,2.670891435970258465e-01,2.093207843291592651e-01,2.376087492733432449e-01,-3.910018087725589675e-01,-1.026581535028963543e+00,-3.490175562605459247e-01,1.057917488857966631e-01,-8.379533415071578339e-01,-6.580226738741535852e-01,1.598860767431402596e+00,-8.681245228650691370e-01,2.084565887802697581e+00,3.023936994415059143e+00,1.187264036933198819e+00,1.468523451634718979e+00,5.921646166431151492e-01,-2.823314525492944260e-01,-4.440002575542750796e-03,-1.968140202708219266e-01,7.628799899499532078e-01,-1.994239713114649148e-01,1.084874861431292414e+00,-4.694885226012632251e-01,-3.022862196680807245e-01,2.904551017319370043e-01,2.498588638518443525e-02,-1.603435038979024174e-01,-2.326667186887589889e-01,1.351677456223236540e+00,-1.185803726426285926e-01,-1.243365927937914339e+00,1.770732210252083050e+00,-9.413237696500439400e-01,5.809054546442198319e-01,-7.998924124680131253e-01,1.687836782879482023e+00,3.509012908617856752e-01,1.016823745849410932e+00,-2.632860394576926666e+00,6.369282580378333725e-01,2.038040129790033905e+00,-8.838371506724279625e-02,5.951353821404160582e-01,-2.017412855461140353e-01,-1.089954123018716414e+00,4.369686316257079955e-02,1.341316242976339224e+00,1.272876174112321346e+00,7.817242219382269930e-01,8.403995836341453529e-01,8.121433409946879900e-01,1.121625051162128961e-01,-8.978898789747489229e-01,1.201524520163174792e+00,-3.154650279287127823e-01,3.636336228241746071e-01,-2.415133048828578266e-01,-4.573791136805440555e-02,-2.366312661534856754e-01,-3.427046559581154450e-01,-3.231223841538211627e-01,-5.285859181236988169e-01,4.960823646171892004e-02,3.658734178716216978e-01,-4.317301141855146573e-01,1.263406258877870947e+00,3.864637414562188678e-01,-1.983530712152359599e-01,2.138230373416143415e+00,3.523136246665428684e-01,4.358693960401645306e-02,1.679693770513821960e+00,5.797016260464987747e-01,-7.940120819812689357e-01,5.055316528417350685e-01,6.044894223377239584e-01,-3.718288148220703637e-01,-5.260500387003933520e-01,6.640105397797398945e-01,1.304692790172168326e+00,9.208355000036186344e-02,3.074811632928158012e-02,2.274381185438238973e-01,-4.659787200285167019e-01,-1.233668834144096449e+00,1.564973056785698424e-01,-5.061332402283643672e-01,-5.180600044663316028e-01,2.621566899571353693e-01,-4.902430702500411575e-01,6.349067283937057660e-01,-2.277386177437420667e+00,-7.094544000621491042e-01,1.026711657524155052e+00,1.147031069676170134e-01,1.385221752297654874e+00,-3.194812684310623790e-02,-7.439603329372693752e-01,8.257347657228938376e-01,1.549990222088326819e+00,5.095984179062035269e-01,-5.362625703306858060e-01,9.136098560914391875e-01,6.291693034870213808e-01,1.811370844819258363e-01,-5.092894616185741352e-01,1.157950496435314225e+00,3.470666749611873714e-01,-1.189720268791043534e+00,-6.375549247121847785e-02,-3.914932971373205617e-01,-3.387292453470392428e-01,8.155923497766902341e-02,-1.218857914413229215e+00,-3.005464883807720256e-01,-7.736900076226611578e-01,3.344097669872973799e-02,7.663996770450419715e-01,-9.392583334919277771e-01,1.914469914771478987e+00,9.547411517913440004e-01,1.060838842013653194e+00,-1.428586681257028035e+00,3.378913561263107823e+00,1.567479694707197391e+00,7.565668603487337052e+00
5.485023685556162931e-01,6.860469873677547126e-01,-8.326888934100266093e-01,2.062582268728360979e-01,-7.614801946162214064e-01,-8.092392542930814114e-01,8.578193246066647681e-01,4.418455261581699656e-01,7.744126938172856134e-01,1.362460521267661928e+00,-1.464077530208145461e-01,-9.554373308580296209e-01,-4.341986941490873497e-01,5.597259459465434572e-01,8.615772298439142718e-01,6.463014240792219756e-01,5.051927279308317253e-02,5.474041433117842193e-01,2.404089149585554974e+00,6.579569135998706297e-01,-1.265764453862394223e+00,1.144196858162265018e+00,-4.338637238663467510e-01,5.472526827455173049e-01,-2.146742705955654029e-01,-3.311984772302154489e-01,1.421579292143127615e+00,-1.244978673683570652e-01,-1.089246871480104906e+00,1.059143815645633424e-01,5.342333329263045938e-01,-7.546213900112488382e-01,4.788843459436261663e-01,6.061548736327357911e-01,1.017742802399165480e+00,1.327504745242927608e+00,2.539878164907120595e-01,-5.061880322340748251e-01,1.700523069841238355e+00,8.026557235362256071e-01,1.966329951063647385e+00,3.936703028687235095e-01,1.235796457982486718e+00,-3.802166976108058843e-02,2.736529632848479499e-01,-6.805524728681333624e-01,4.665026736837220578e-01,-1.555678769994130350e+00,7.242295507941544086e-01,1.395465969371127324e+00,1.808463266516700807e-01,-5.919462891466522603e-01,3.530632180708381807e-01,4.518542109657991968e-01,-7.379661671849855331e-01,2.118099867027167349e+00,8.029240401929162996e-01,1.313293009455886118e+00,-7.410997536428152177e-01,-1.517178430292343005e+00,1.428084439326223753e+00,5.533107030442702134e-01,3.873880511635010571e-01,6.887244868329863712e-01,-3.923239072107045922e-01,1.648409330882736612e-01,5.967837270274548578e-01,-8.621455724948944299e-01,-4.599448481191485867e-04,9.963514227655048128e-01,5.552193613500213676e-01,2.529504717477820686e-01,2.181859403814367104e-01,2.037150926482923230e-01,-4.298281394041599812e-01,-9.402334758847098461e-01,-3.331822169902777797e-01,9.735352979321092171e-02,-8.991266633889564153e-01,-6.393383354808395147e-01,1.621369479450243567e+00,-8.135482114529238862e-01,2.670020723915880634e+00,2.984548224795624094e+00,1.129591092706750066e+00,1.460158032198942024e+00,5.930414220060586938e-01,-2.790468257965519894e-01,-4.252697599388330363e-02,-2.181217416767756712e-01,7.411695364779130601e-01,-1.897194534961779977e-01,1.136179424500330271e+00,-4.474062105520493215e-01,-2.975294067010045285e-01,1.948210023666546165e-01,2.469650526497687432e-02,1.171633021730307700e+00,-2.033117063259966828e-01,1.390376102164769145e+00,-7.576919639434931408e-02,-1.133628054250726658e+00,1.759206115123947756e+00,-9.599616870355145437e-01,5.568201769052816275e-01,-8.109318467253271434e-01,1.600887609922540644e+00,2.881068239173948387e-01,9.824137527361295197e-01,-2.560528174539911994e+00,6.436280992978641313e-01,1.996488296531236717e+00,-5.247094968903113360e-02,5.808045088207857143e-01,-1.632702116422802274e-01,-1.126493330896272793e+00,5.307816161626498219e-02,1.360059376883062887e+00,1.252104533406884324e+00,7.898782782356605914e-01,7.634354299978175495e-01,8.912538696347424017e-01,9.014449272727988183e-02,-8.149228914077272234e-01,1.198215255245441480e+00,-3.104749286418406751e-01,3.372919761016512918e-01,-1.996478429380897646e-01,-5.925240889474576306e-02,-2.219990016492979501e-01,-3.389689041056433982e-01,-3.108197751594967140e-01,-6.259701617729716006e-01,6.333605995846393333e-02,3.852965791706116083e-01,-4.401310488293568857e-01,1.249993933233763066e+00,3.416404425459480532e-01,-2.210905210804081644e-01,2.110291345066200641e+00,2.819167996404989829e-01,-5.029304416967297214e-02,1.738480489575705334e+00,5.546012054259370494e-01,-8.033850570453550111e-01,5.667237000097827826e-01,6.473959770666782854e-01,-4.453332837532755772e-01,-4.617250979212641493e-01,7.072766674129152831e-01,1.263264253965137529e+00,9.343701959678829549e-02,5.832711458913086150e-02,2.301636291752852670e-01,-4.648607960619965951e-01,-1.181790166408297038e+00,1.335848953690897400e-01,-4.100003216447737353e-01,-5.026808713887991331e-01,1.989787793909605917e-01,-4.488741622992748481e-01,6.029870303027536904e-01,-2.235327583688933917e+00,-6.782203168272230576e-01,1.056292102777823150e+00,1.341408391472227180e-01,1.372823102798149453e+00,-6.408329311559293751e-02,-7.907143994894482164e-01,8.840785172233570632e-01,1.573887790237781470e+00,5.086882365601363976e-01,-5.531168564095639839e-01,8.994887070066900359e-01,5.871638997709635044e-01,1.777478641343223364e-01,-4.585448804852019777e-01,1.160733897308596552e+00,3.546588551889028884e-01,-1.143111936956814123e+00,-7.472333876155218269e-02,-3.545429571622075726e-01,-2.896278744770016123e-01,1.040911772720741479e-01,-1.246845038769762049e+00,-2.612958146110352931e-01,-7.834314468090716188e-01,7.615273761191053425e-02,7.659810982249103395e-01,-8.988752722460153777e-01,1.925559190949042154e+00,1.002731181152700879e+00,1.050236803135066843e+00,-1.436252573098098617e+00,3.330206407488197407e+00,1.552593955549820715e+00,7.897195825940818814e+00
5.573505265291024413e-01,6.928085101781138455e-01,-8.407196967118782949e-01,2.382076982065140236e-01,-6.848521520287410569e-01,-8.107245553799778959e-01,8.489563163227880072e-01,3.573065083488762284e-01,7.218851295582070504e-01,1.321532306359510800e+00,-1.083862690657936279e-01,-9.746634994867033885e-01,-4.164850039667447601e-01,6.183539668634742137e-01,8.718188973797880159e-01,6.470321202068906041e-01,6.380525908960198167e-02,6.017406276467246462e-01,2.352597179932051752e+00,6.519857311122445598e-01,-1.267416216458630007e+00,1.159281426579688690e+00,-4.206011362415183474e-01,5.283090777430299312e-01,-2.012488085689744799e-01,-3.111883839408168262e-01,1.375188506250025089e+00,-5.553777078308348714e-03,-1.136768246821598938e+00,9.533004084605768702e-02,5.380133590618396688e-01,-7.925808164219538821e-01,4.880727205806346114e-01,6.089226053373211212e-01,1.039462669234971770e+00,1.340523674046963265e+00,2.329678286948927701e-01,-5.181707670487879502e-01,1.711035004122914316e+00,7.842622559944060212e-01,1.958957032975157331e+00,4.690005612336872187e-01,1.216287100959003276e+00,-3.564435837533405649e-02,2.409447624444592539e-01,-6.787460078670500829e-01,4.711813130004545713e-01,-1.658628040902500711e+00,7.233948253196699207e-01,1.397523723164902254e+00,2.067718073531429890e-01,-6.241806554491144965e-01,3.906469872121357545e-01,4.473813248601799519e-01,-6.813117349273405399e-01,2.087962203084152257e+00,8.471031820121954770e-01,1.306559282535127542e+00,-7.178444191661806917e-01,-1.405383488039552597e+00,1.457025039000790834e+00,5.598930963259705074e-01,4.295976092908469490e-01,6.732900622812038050e-01,-3.821761431156173727e-01,1.533317993468847895e-01,4.382230282734232429e-01,-8.228098813527681132e-01,3.518554231376528479e-02,9.844065699058658359e-01,5.366799029475693983e-01,2.857404603596316872e-01,2.078970724905134793e-01,1.983923228184671927e-01,-4.193031301530856791e-01,-9.094687615135840231e-01,-3.349215367530399279e-01,4.034589030337069199e-02,-8.408710392982350346e-01,-6.641451567403590106e-01,1.586738306836191326e+00,-8.680865608214184403e-01,2.091522286707423461e+00,2.996405221305413313e+00,1.105704946304291836e+00,1.419727814153340262e+00,5.956608864133220438e-01,-3.029133330316864381e-01,7.319941629906888750e-03,-2.112423509620449114e-01,7.337704986696993448e-01,-2.449899203177806628e-01,1.085139534684594453e+00,-4.831114697494255927e-01,-2.520616989496999860e-01,1.958858973869002096e-01,1.678711033276065329e-02,1.190752362997896219e+00,-2.137277948333134170e-01,1.415742239175935779e+00,-7.408686722788433709e-02,-1.233234264199290386e+00,1.792100165807269274e+00,-9.145417781328635254e-01,5.679723035838437628e-01,-7.870414424062162073e-01,1.632752932810648261e+00,3.328746308666329923e-01,9.965764368720797517e-01,-2.606923466880146201e+00,6.302825100739566366e-01,2.043309756969401203e+00,-1.499603505532917935e-01,6.157259352343353864e-01,-1.721987285636173981e-01,-1.095759951918121811e+00,1.165772484986755675e-01,1.350682412998104098e+00,1.250124437326275206e+00,7.859089460412415074e-01,7.862482663005295747e-01,8.254746812842383985e-01,1.277619965878583896e-01,-7.617319934605536469e-01,1.184117724806865501e+00,-3.221653132753451443e-01,3.548887777797216092e-01,-2.160156750410479054e-01,-3.629185550497472657e-02,-1.751751037487481177e-01,-3.337648480012995189e-01,-3.486050484440398889e-01,-5.685976154885691303e-01,2.802718516076755165e-02,4.382174714111492508e-01,-4.428031077256179837e-01,1.211878591787401094e+00,3.477717060456249620e-01,-1.973478834158567674e-01,2.120046353034163999e+00,3.416396727527560295e-01,-3.438122633170565684e-02,1.780772123755848257e+00,5.703048223066400357e-01,-8.147337259830882417e-01,5.105984129611012001e-01,6.103508012468039645e-01,-3.252184669797970051e-01,-5.496579337399825071e-01,7.751836655252589692e-01,1.321261587254338510e+00,8.300100620592454348e-02,4.540838096770844629e-02,1.848516420952938666e-01,-4.584651019470680211e-01,-1.224504785088666781e+00,1.210126341515969095e-01,-4.640509584120033892e-01,-5.277484363609089568e-01,1.523863386927332697e-01,-4.906497396096641261e-01,6.248573246196718056e-01,-2.310815361949745572e+00,-7.131310657616771742e-01,1.031463187515983648e+00,1.376037661694391456e-01,1.376142191482202737e+00,-3.532693104884821605e-02,-8.035491587311086592e-01,8.608864541833840534e-01,1.578152240671001127e+00,4.731580812691716376e-01,-5.338614416698873599e-01,1.003348555188090518e+00,5.569604673012990004e-01,1.609424614829105538e-01,-5.253479093331623329e-01,1.165556716169474871e+00,3.189324379734509440e-01,-1.203858008611007113e+00,-1.027227184952008571e-01,-3.821551539782830909e-01,-2.990610235263513883e-01,6.605615163302602788e-02,-1.230030460682296933e+00,-2.901494849777089269e-01,-7.889305730441381614e-01,2.586644292774364917e-02,7.070885895774360330e-01,-9.851999512446515395e-01,1.937889096900349495e+00,1.011180633436492782e+00,1.064946483941356270e+00,-1.445905563371269631e+00,3.380964691231780783e+00,1.514427130783635445e+00,7.973663388572289179e+00
5.558640100245036963e-01,6.582605276067106104e-01,-8.490216659527511922e-01,2.020361608911099838e-01,-7.451792316745209366e-01,-7.813464911936898183e-01,8.425773948293037163e-01,4.463909081149816105e-01,6.771111656179235050e-01,1.384837798734800840e+00,-9.876596846451364542e-02,-1.046381546887052538e+00,-4.746496797335379991e-01,5.498813476568733538e-01,7.942179715862101030e-01,6.460645440753153279e-01,4.556585381886495145e-02,5.603143755500067380e-01,2.394613158960270827e+00,6.493980259082995365e-01,-1.281323723671726533e+00,1.148038767383432024e+00,-3.972786827765190654e-01,5.604651892924020773e-01,-2.322543412748932501e-01,-2.601888057620671546e-01,1.447673340678703235e+00,-4.143012523544990083e-02,-1.106821274813293510e+00,8.922680610338806773e-02,5.452659440122453738e-01,-7.569217413027843344e-01,4.760525820423804344e-01,6.143487929740268916e-01,9.658061856890001184e-01,1.303424888524463032e+00,2.210529947888596192e-01,-5.642226982746929576e-01,1.701632722427023570e+00,8.324918823954979841e-01,1.965217423383779360e+00,4.267145416810116942e-01,1.190899807670126709e+00,-5.377273436864896811e-02,2.398531497546353142e-01,-6.807592455359469108e-01,4.918902257186869020e-01,-1.558897263258726573e+00,7.069521268078440279e-01,1.408485289843550037e+00,2.193163711763421730e-01,-5.671537758399247675e-01,2.835915079620699442e-01,4.504307306643863806e-01,-7.368639544426326404e-01,2.086386159505724702e+00,8.707478338926494255e-01,1.318165879283954123e+00,-7.328937159944479696e-01,-1.445112242482116782e+00,1.454071515203119613e+00,5.776319062262371684e-01,3.694110660513654221e-01,6.687214963473174789e-01,-4.505151949582604787e-01,1.344828992726372352e-01,4.540855761165693560e-01,-8.702688390485906478e-01,2.146819840009794519e-02,9.854355655547740733e-01,5.353074245013640375e-01,2.927905768244478124e-01,2.139698706518715632e-01,2.265692200227255315e-01,-4.333160100519946045e-01,-8.998990892450740020e-01,-2.882609675644790537e-01,9.021884072412120203e-02,-8.521971266583093785e-01,-6.065226487914678888e-01,1.591344143976557435e+00,-8.417788797747363105e-01,2.080795897012192253e+00,2.990542357437643961e+00,1.123932234177679623e+00,1.471827598561610939e+00,5.971521328251517824e-01,-2.944312883830687011e-01,-6.451161099819040581e-03,-2.440682852157699811e-01,7.462748900809537123e-01,-2.556565291904658865e-01,1.101259409542731937e+00,-4.516006857503135907e-01,-2.935459068149824380e-01,2.816027310955486196e-01,5.882003411937172799e-02,1.187329223401605516e+00,-2.153155584395990141e-01,1.378609226427591095e+00,-1.050479815249151794e-01,-1.248715962095544141e+00,1.757742848192856755e+00,-8.935086371499306734e-01,5.761992935748755373e-01,-8.097741398317479522e-01,1.628358314228155468e+00,2.895639288651261634e-01,9.604310488508234211e-01,-2.659872589939219711e+00,5.769975384674927987e-01,2.023580412966019537e+00,-1.537627932933895991e-01,6.057547675850170066e-01,-1.873570374288028029e-01,-1.084952947134078416e+00,4.506106243804246236e-02,1.377730665407703281e+00,1.270951624936874413e+00,7.958170776669755142e-01,8.547690366171893928e-01,8.145072160850730381e-01,8.760997072106330164e-02,-8.074769062244626650e-01,1.196104936332522239e+00,-3.492657089329804787e-01,3.576572140120873877e-01,-1.997498181222172320e-01,-6.052728054359424181e-02,-2.002169208238995524e-01,-3.092197329124739547e-01,-3.369197425073680030e-01,-5.554766871886799295e-01,6.025703370941898340e-02,3.962279932093032420e-01,-4.345554729087444112e-01,1.240452480646647482e+00,3.666108789084007724e-01,-2.181759848579961358e-01,2.093592503380724335e+00,2.903516539815711450e-01,-3.792695428814865134e-04,1.741379895282960222e+00,5.246801970878450794e-01,-8.057245247015756284e-01,5.881507245479771218e-01,6.819208022970064675e-01,-3.460301091139630358e-01,-5.276363869768549986e-01,8.078596535149454860e-01,1.293805974261326153e+00,1.090562100608206964e-01,-7.559573195133544726e-03,2.224786988339067240e-01,-4.690840977043490567e-01,-1.226127924881852627e+00,1.001538851662926027e-01,-5.027740673547028694e-01,-5.244470427690623993e-01,1.857207401623414689e-01,-4.072929317133395788e-01,6.124542467483143904e-01,-2.302578528419816806e+00,-7.031134325561305687e-01,1.050524045425257125e+00,1.011990515659124540e-01,-4.747996606235135864e-01,-4.030323062614790675e-02,-7.534212274086764527e-01,9.006333052187459609e-01,1.573921023254056806e+00,5.509486180913655273e-01,-5.660900798259689282e-01,9.834852890289023097e-01,5.366625605026786872e-01,1.534341126392731181e-01,-5.192632530748739761e-01,1.135852117808846540e+00,3.263825184171772475e-01,-1.094548403026232908e+00,-7.291539497378299317e-02,-3.369844824139895945e-01,-3.086504517121067548e-01,1.199530697777409644e-01,-1.222695925909061510e+00,-3.029805147637577578e-01,-7.625734167715130241e-01,7.208950439558883816e-02,7.459875166531789725e-01,-9.413879342599601463e-01,1.913832019360247161e+00,9.595424960431020445e-01,1.081886025846679589e+00,-1.404838840794168542e+00,3.343702128996196787e+00,1.517250523319255251e+00,8.174411480558736898e+00
5.744205357968424908e-01,6.825207679311060538e-01,-8.295365940134045157e-01,1.863423069955584266e-01,-7.409360926497406963e-01,-8.185264568177160749e-01,8.576039721275386940e-01,3.374389874809772261e-01,7.617888472033029768e-01,1.335114623011093293e+00,-1.146874410215163176e-01,-1.024910318755672733e+00,-4.748549432995947672e-01,5.914777849869828907e-01,7.948653191199731571e-01,6.372053005187833241e-01,5.603844341591937561e-02,5.144537148839760654e-01,2.354589833781635555e+00,6.252702586966113474e-01,-1.297228114318031533e+00,1.135366470952881235e+00,-3.876826344380143730e-01,5.637261099159222022e-01,-2.249856698249296794e-01,-2.969931122912123356e-01,1.420205192467097977e+00,-2.595979971751614934e-03,-1.144860086071141536e+00,9.714790873312591224e-02,5.890196897348511929e-01,-7.744640624675048768e-01,5.148298157688362409e-01,6.323753202755415526e-01,1.026242768733593991e+00,1.331995213620110974e+00,2.201835029349637485e-01,-5.291656210134011440e-01,1.641026088367085523e+00,8.280049619039719921e-01,1.973470405294275976e+00,4.658906061435113544e-01,1.206265284326048626e+00,-5.550250165800797719e-02,2.960882313272364952e-01,-7.009191309321815000e-01,4.731852100605027367e-01,-1.631969370806579223e+00,7.165144892904117269e-01,1.442431130430595454e+00,2.298209165158422995e-01,-6.259866639835435231e-01,3.863758781333262449e-01,4.526368802078730158e-01,-7.511022935432390968e-01,2.088391682096308433e+00,8.405390493459241608e-01,1.304785121740667186e+00,-7.378359399741413194e-01,-1.493218134328148983e+00,1.454984286450581310e+00,5.713698177338486506e-01,4.001590728803448016e-01,6.504171053586855766e-01,-3.731384367188065321e-01,1.614122271956158206e-01,5.600774459143605943e-01,-8.438781169323740228e-01,-1.622284461710071964e-03,1.019031775169677134e+00,5.616652370167138919e-01,2.876221573348058391e-01,1.937074945217314992e-01,1.761905098281768556e-01,-4.289800047209731404e-01,-9.167741103177297068e-01,-3.240309943423809735e-01,8.211693439767057956e-02,-8.428832815012753388e-01,-6.506054388477469086e-01,1.623336311041541746e+00,-8.842816117760498029e-01,2.058842731940480952e+00,3.001129018729574938e+00,1.178651720019173954e+00,1.467574464238100118e+00,6.014777161659039528e-01,-3.080702623490406689e-01,9.060491011832299407e-03,-2.154978281755761949e-01,7.085977719912497363e-01,-2.440203776150473569e-01,1.095154796720863022e+00,-4.584367245489294751e-01,-2.452078769347820486e-01,2.844601481275785271e-01,4.136692240788037919e-03,1.184093496460397743e+00,-2.241415081361603223e-01,1.406645907936799444e+00,-1.052588546784303664e-01,-1.232887297951480221e+00,1.764829051539909655e+00,-9.300215072281730055e-01,5.491815738691512294e-01,-8.201631230700019426e-01,1.635911477560630711e+00,3.055123577862718376e-01,1.000708363580369298e+00,-2.536037769575035128e+00,5.917295220535632172e-01,2.033030496814011823e+00,-1.603881342302540258e-01,5.424932192472669001e-01,-1.428176214782650166e-01,-1.101490242266395247e+00,1.191458267505536989e-01,1.345830903678370882e+00,1.251127673376453142e+00,7.425528339367211128e-01,8.378245562337716112e-01,8.788889195672117127e-01,1.167518156949006181e-01,-8.655909931336770446e-01,1.195842516672612987e+00,-3.005504383125749412e-01,3.545405323480250170e-01,-1.822849529388567147e-01,-5.253522930170706484e-02,-1.928335951081300015e-01,-3.423865073168940176e-01,-3.335162844524972581e-01,-5.893522737881136120e-01,2.561460644970622175e-02,3.655585980299870807e-01,-4.577067504533568476e-01,1.253926091669039122e+00,3.585076296798075934e-01,-1.960537108698105213e-01,2.121826520373437219e+00,3.198231886142973157e-01,1.992179303108307029e-02,1.685339713205607159e+00,6.038358901702446380e-01,-8.097083797170037123e-01,5.013402619033839880e-01,6.770866757595950247e-01,-3.344819863874194388e-01,-5.465778263461466002e-01,6.985057198756590147e-01,1.316522747272034888e+00,7.438750668365570751e-02,7.866529348336114003e-02,2.191801611375689129e-01,-4.571341182229642919e-01,-1.230566382989445096e+00,1.105086323365798012e-01,-5.227037092410671271e-01,-5.200270493334856470e-01,2.336209813302539129e-01,-4.579114374907529705e-01,6.177922331535686817e-01,-2.305721589682112160e+00,-7.110363320180723701e-01,1.032004200480140854e+00,1.533017824324263700e-01,1.376716479999226639e+00,-2.843644574879784781e-02,-7.478159075380385046e-01,8.505008075970095227e-01,1.563075727416859850e+00,4.407439330953992207e-01,-5.366974618408684172e-01,9.456336141538032036e-01,5.939947645235434948e-01,2.025568781041333921e-01,-4.895941363641039268e-01,1.152781147634786008e+00,3.466637668639817593e-01,-1.192221480660246691e+00,-8.882379684592901781e-02,-3.446336567458522793e-01,-3.488419931051340850e-01,6.436013172110273406e-02,-1.236252270763428696e+00,-3.240633011203514768e-01,-7.742335951039497344e-01,2.311594776287459463e-02,7.403615406177463942e-01,-9.347140317747367755e-01,1.914590607638866127e+00,9.993962230210539088e-01,1.072050782617474551e+00,-1.451603845392190895e+00,3.386680835001744327e+00,1.517060460216924200e+00,8.730240042539161749e+00
5.723152346799366130e-01,6.899369916074425957e-01,-8.363332051721730220e-01,2.269912970343210823e-01,-7.457790130315881116e-01,-7.632757853246890933e-01,8.386776640032219676e-01,3.321649684688836590e-01,7.316243813970639831e-01,1.395111411315600458e+00,-1.133075324135820461e-01,-1.052196641648420528e+00,-4.224756383801870907e-01,5.708288719813831014e-01,8.417037226659976890e-01,6.560952181563969310e-01,3.935553271217734350e-02,5.261738089950067643e-01,2.422810976151455797e+00,6.348537129639060250e-01,-1.236499030329820226e+00,1.119208358316170937e+00,-3.738888196613439630e-01,5.633722503070798249e-01,-1.928509395128679416e-01,-2.772617043679174720e-01,1.423067567907937425e+00,-1.024821848588981094e-02,-1.113305204136269433e+00,8.905491063727653811e-02,5.462632961280551314e-01,-7.777359735841354871e-01,4.932150716839240889e-01,6.195629423369191091e-01,1.019127879654495583e+00,1.298939505742017886e+00,2.259461965645420400e-01,-5.507251521090201773e-01,1.678742680902239659e+00,8.292208373802039123e-01,1.961581137118850071e+00,4.897577284490723382e-01,1.206604636730031599e+00,-1.554965049569850474e-02,2.808235311307234472e-01,-6.840887593035328562e-01,4.353892126662248785e-01,-1.554118799888912994e+00,7.299925023645023048e-01,1.450292450297940183e+00,1.994955107306893016e-01,-5.834057320463661434e-01,3.657285825478258645e-01,4.330308683203820674e-01,-7.382901366156586764e-01,2.089556809426774908e+00,8.657857919769443855e-01,1.327688243917327204e+00,-6.899581256329911927e-01,-1.449099324089190510e+00,1.447322160275648972e+00,5.710871392177244710e-01,3.804158161051406917e-01,6.744341263240439810e-01,-3.911572406092265752e-01,2.064021642783820942e-01,5.672685470028183685e-01,-8.541503471442793982e-01,-2.516094206505820052e-02,9.584432433195759771e-01,5.599439082742052598e-01,2.878421593899881392e-01,1.831659831489498846e-01,1.885527369763129457e-01,-4.272600837178276434e-01,-9.784662769192344900e-01,-3.645756355256275505e-01,1.216472696332177306e-01,-9.254981551696279674e-01,-6.558893587227979660e-01,1.601586851828995295e+00,-8.933051655157552284e-01,2.095252002113728640e+00,2.979040546927431699e+00,1.098290345259526957e+00,1.389547798888283170e+00,6.069441359202248920e-01,-2.913652606519862576e-01,7.700837830457701177e-03,-1.855060942312763417e-01,7.435061793692677723e-01,-2.288838124843900201e-01,1.081390859863997189e+00,-4.313706519336872880e-01,-2.970248926408655121e-01,2.920245485637559812e-01,5.436904393595488882e-02,1.160374284842488057e+00,-2.302506191078920461e-01,1.385231092279495924e+00,-1.044232240117770605e-01,-1.264439775484039741e+00,1.762940691313538366e+00,-8.998438388523032350e-01,5.707556430507579881e-01,-7.812517705068106055e-01,1.636798633633192113e+00,3.445999696274352764e-01,9.980368046198453413e-01,-2.617483784625903809e+00,6.237194328436389545e-01,2.038763648751365398e+00,-9.126139192085055973e-02,6.282556912540794292e-01,-1.808224861431615149e-01,-1.100254580569379970e+00,1.210934762303122886e-01,1.366194770794807001e+00,1.230455596322885148e+00,7.561029822915313892e-01,7.880746843388883871e-01,8.727016999145887910e-01,9.635124614303726409e-02,-8.019761683878591230e-01,1.182475095134707388e+00,-3.621503399594461214e-01,3.549758778755521815e-01,-1.687815812084750566e-01,-2.764266316231354242e-02,-1.942401147347803114e-01,-3.392899750801368075e-01,-3.273150123446064708e-01,-6.320620610143499185e-01,-2.603612468044286948e-02,3.489321323211715953e-01,-4.582943437112895202e-01,1.211346633991569943e+00,3.780024929910327236e-01,-1.663526262700912028e-01,2.107250258822994216e+00,2.906017366109658329e-01,-6.138320614169187790e-04,1.716954616252663879e+00,5.296624048106088889e-01,-8.462969026724187493e-01,5.904285282015405700e-01,6.774913045898822705e-01,-3.212347520932089529e-01,-5.233537704821545899e-01,6.707126945081508529e-01,1.259213045470950032e+00,9.881983775885341825e-02,-1.518767416974052022e-02,2.111937704744624444e-01,-4.627955367872639281e-01,-1.229601186047374117e+00,1.278506145778221526e-01,-5.101071210713854498e-01,-5.020261414683007128e-01,1.554015365893184342e-01,-4.475706130703988594e-01,6.415970166114637330e-01,-2.291979820885786001e+00,-7.135536469352564692e-01,1.029977468217833314e+00,1.241959495939866515e-01,1.341722397391974075e+00,-7.655489295602495303e-02,-7.819595845170925763e-01,8.835961375626745218e-01,1.565720796181800933e+00,5.551469730579713380e-01,-5.330329121994747954e-01,9.619980841737172383e-01,5.232561615137752975e-01,1.894555521053611080e-01,-4.676497902049695510e-01,1.146536423885901934e+00,3.247748671771683582e-01,-1.204837066041164251e+00,-9.447599586766680657e-02,-3.445566895958652731e-01,-3.542281051931963631e-01,1.212870767949912748e-01,-1.227698702681500054e+00,-3.071172658845519599e-01,-7.832329299383706811e-01,1.186487017968753527e-02,7.578866572279329139e-01,-8.833486177043097243e-01,1.928827381459704116e+00,9.845561955389657838e-01,1.053525795682760613e+00,-1.438336136360341966e+00,3.348717133649168787e+00,1.540200017218749773e+00,1.045206853514607559e+01
5.335764741642518016e-01,6.797678361420305126e-01,-8.289258251710276415e-01,2.000841325259410386e-01,-7.645342289970306071e-01,-7.969372904011926551e-01,8.640934685922291303e-01,4.611725441928235525e-01,7.707522056377813513e-01,1.386450268847914336e+00,-1.157945414894375191e-01,-1.012234400991890437e+00,-4.687667971452315618e-01,5.668795704677436209e-01,8.090658096427636448e-01,6.448455393699151772e-01,2.035221585024257415e-02,5.365447056357893763e-01,2.415007598808587286e+00,6.433117691230344493e-01,-1.229012924594509837e+00,1.143775260820865558e+00,-4.269329785816689538e-01,5.517450094754892120e-01,-2.137885709113487853e-01,-3.414404637639956719e-01,1.430987740327970714e+00,-1.012471312616328861e-01,-1.089452087764833932e+00,1.042463710913168334e-01,5.612169263132747998e-01,-7.623908818809357335e-01,5.069796708814339192e-01,5.976256667224799646e-01,1.034793681700044488e+00,1.310098926175678136e+00,2.302564801848711318e-01,-5.523747235910084763e-01,1.698549294147470023e+00,8.292861579420837126e-01,1.945249298354316814e+00,4.384262063779846841e-01,1.245006505864685087e+00,-5.487590417833725781e-02,2.773287984656012117e-01,-7.515014840621158099e-01,4.667111063902953938e-01,-1.562963942435443787e+00,7.446123555648661574e-01,1.449894694323663247e+00,1.820547511847325495e-01,-5.713142829095803066e-01,3.087641082171836415e-01,4.332769413072130593e-01,-7.744535064533756286e-01,2.100878947129268592e+00,8.395402040010007116e-01,1.312114012259118834e+00,-7.063571036852471785e-01,-1.504719171860909865e+00,1.434133757702602763e+00,5.715016739479168439e-01,3.912776854803008408e-01,6.547777498288369635e-01,-3.875341192340630569e-01,1.657532643900956892e-01,6.293576383515425698e-01,-8.167874786111707364e-01,7.090417534781752636e-03,9.522955949463094427e-01,5.571232114035790106e-01,2.261214648934074811e-01,1.924816069943232344e-01,2.183008161086135157e-01,-4.265869461257843498e-01,-9.559956376382985344e-01,-3.220460084109350030e-01,1.290075350834928580e-01,-8.494750048463309833e-01,-6.324731786287672852e-01,1.613255848452468610e+00,-8.405279934820598653e-01,2.064138042024460162e+00,3.017506672835507331e+00,1.191818958522174787e+00,1.448384072147787860e+00,6.384869165915708633e-01,-2.909977431588670616e-01,-2.843489717361265268e-02,-2.089999541176472408e-01,7.349088238385643734e-01,-3.329827245738862795e-01,1.081569028682136668e+00,-4.634540758578263864e-01,-3.124773213774419411e-01,2.744592596102046755e-01,2.210671260412501796e-02,1.184535185759268305e+00,-1.845473202671375768e-01,1.355602129379332998e+00,-9.471826684223262627e-02,-1.163818976478958600e+00,1.753672574673798223e+00,-9.217912713609937025e-01,6.022649959521032548e-01,-8.255067082204944340e-01,1.636660445373048001e+00,3.220983100651894082e-01,9.686669216718764019e-01,-2.604028422519032659e+00,6.126292707193791154e-01,2.039166983632271446e+00,-9.841322524359449875e-02,5.533939948439010603e-01,-1.713366007239917610e-01,-1.101020557385063325e+00,6.722305870835987296e-02,1.369971747974809251e+00,1.275883278728055403e+00,7.389100198004265874e-01,8.427670746189450668e-01,8.745163926475642002e-01,1.312340938313678873e-01,-8.729472398859774440e-01,1.193407702925673775e+00,-2.811277961225485122e-01,3.349231132511131248e-01,-1.656608325760408063e-01,-5.159330065088067740e-02,-2.023788544668014000e-01,-3.313302529807095609e-01,-3.111161722409712671e-01,-5.569718885011538667e-01,3.141215913026645934e-02,3.888237835491530903e-01,-4.628683577741792288e-01,1.246485784812474407e+00,3.866606078354237752e-01,-1.952639604286076636e-01,2.086059940951277447e+00,3.272958161238741503e-01,2.339031049828433836e-02,1.673408210271040808e+00,6.035039179421857192e-01,-8.227053196753287834e-01,5.019458684623214761e-01,6.359157716727401599e-01,-3.428144309622615515e-01,-4.590675564917386375e-01,6.877901511496536946e-01,1.282002886560222876e+00,8.615068302030162717e-02,5.469961314590109785e-02,2.437242104179096203e-01,-4.663306642203905450e-01,-1.227807908968596706e+00,9.147581463841039651e-02,-5.007136926995026105e-01,-5.516106709616130921e-01,1.937036845846940303e-01,-4.986538455966640915e-01,6.325891599186499459e-01,-2.269258325813936494e+00,-7.028821382894532288e-01,1.019897605691148179e+00,6.977781025780868673e-02,-4.769639970206165369e-01,-2.090275760617438597e-02,-7.442800597865908419e-01,8.065746111691315390e-01,1.562134129002093808e+00,4.989400566853673946e-01,-5.556312800717785327e-01,9.559965682193406478e-01,5.307321669300960609e-01,1.733864640141504765e-01,-5.253844397712226222e-01,1.153968326184205084e+00,3.329088310494782710e-01,-1.216493223719364192e+00,-8.840537866121163380e-02,-3.340214247598675135e-01,-3.086364031902582572e-01,6.305674549717471544e-02,-1.202336453722091747e+00,-3.282545307572282689e-01,-8.428699953040048598e-01,1.055502270158699407e-02,7.412762484793870010e-01,-9.444733274917642696e-01,1.923742864196827052e+00,9.824568119574913494e-01,1.061025943544243066e+00,-1.417847456605616951e+00,3.342648529436325511e+00,1.542709723972157887e+00,1.049301798135558883e+01
5.400984733844664820e-01,6.754360446484054536e-01,-8.417566369025790696e-01,2.145816099696409573e-01,-6.841920440189350749e-01,-7.908441335875322498e-01,8.603522267304181126e-01,3.668900768213254060e-01,7.661411772064320447e-01,1.367441052305466309e+00,-1.138221213218277850e-01,-1.023458601749549723e+00,-4.332561584027339596e-01,5.696627516824698256e-01,7.878947970297923709e-01,6.587360738888390355e-01,4.453385616705142491e-02,6.165677185505800129e-01,2.423278069414053881e+00,6.321566175261821297e-01,-1.282933334112799528e+00,1.140107312533537032e+00,-4.376835200912633783e-01,5.172787765941874172e-01,-1.997701871709166854e-01,-3.368179955051295305e-01,1.371429889717052930e+00,5.338369895587042821e-03,-1.130447047529055560e+00,1.213787089968681593e-01,5.609764899768646673e-01,-7.818614735108921909e-01,4.774523828217097643e-01,6.311145859071275455e-01,1.036703399961605543e+00,1.314854882309696160e+00,2.342849551506613337e-01,-5.374349236009664521e-01,1.698730863776964917e+00,8.154035057381238127e-01,1.947703579445782207e+00,4.828904857828245079e-01,1.168089216641091221e+00,-3.409534755434938391e-02,2.878199505792409241e-01,-6.849289860276367436e-01,4.540797234565749907e-01,-1.645165741535305148e+00,7.284554139465097000e-01,1.386360307980787576e+00,1.906645343977917684e-01,-5.990495848506495191e-01,3.397448254978501225e-01,4.049499237268509577e-01,-7.506695323141666654e-01,2.107821382128587828e+00,7.988237374022408854e-01,1.315797815216917188e+00,-7.024357410538965008e-01,-1.451963306122717734e+00,1.459272933702716379e+00,5.420813226705795129e-01,3.893135848606176230e-01,6.822370031206304031e-01,-3.856618409903309064e-01,2.012657608511042862e-01,5.930857002424997360e-01,-8.245833659198118504e-01,1.664942675661623336e-02,9.762711950982709830e-01,5.449278876061655064e-01,2.688880229558258672e-01,2.300412046764077068e-01,1.879602788515331302e-01,-4.065467231149473282e-01,-9.072009542160058837e-01,-3.197557159001938043e-01,1.019976476842194557e-01,-8.992309758629916105e-01,-6.640405218858808079e-01,1.622758749645348164e+00,-8.561710015629172554e-01,2.068889771346738904e+00,2.961955600074050565e+00,1.104757598168868205e+00,1.396929073828360846e+00,5.965662905225245227e-01,-2.745966333247482627e-01,-4.013419295484511873e-02,-2.092207927918065258e-01,6.697549263118500740e-01,-1.829533205701707188e-01,1.081859750516910079e+00,-4.657339178577592498e-01,-3.187889228410873410e-01,2.875995494159285237e-01,3.109672814465096191e-02,1.149360027698466791e+00,-2.050604913871757751e-01,1.400164100457945038e+00,-6.929972925820035434e-02,-1.112598334434927283e+00,1.762675199133123316e+00,-9.574680017670569310e-01,5.739741465433582102e-01,-8.141530571789254989e-01,1.628815568310688411e+00,2.881157947865766733e-01,9.793760897202832272e-01,-2.602669326595127508e+00,6.153483281341110001e-01,1.999461415212186788e+00,-6.067906670211739573e-02,6.175808459901424019e-01,-1.371677924104239554e-01,-1.119810633490350149e+00,4.940938654463673807e-02,1.370851007108319086e+00,1.251462247484649515e+00,7.196598849078484905e-01,7.653760823996608176e-01,8.853126343276167542e-01,6.260161725114046782e-02,-8.153714690477640303e-01,1.173919887415777907e+00,-3.051767615046236393e-01,3.029677980821871563e-01,-2.048301700656168511e-01,-5.782156002062301819e-02,-1.684180677539811044e-01,-3.416040212622095673e-01,-3.185666876422987293e-01,-5.489950449257208209e-01,-2.378973439524926375e-02,3.998969578522827972e-01,-4.529425818883958121e-01,1.258706662770898488e+00,3.447298474975165061e-01,-1.859770639490081756e-01,2.106378585452026719e+00,3.036385365926829727e-01,-3.654591224669542782e-02,1.688329910741375617e+00,5.306794961063476812e-01,-8.097827398167404267e-01,5.766427460452366871e-01,6.571553999733857898e-01,-3.474775281805351779e-01,-5.393193978125062626e-01,6.632857067475739221e-01,1.278575888285192752e+00,1.159508954269533876e-01,5.991192207711574375e-02,2.163548535384176019e-01,-4.325225947059352372e-01,-1.216329065186973146e+00,1.293634639462448721e-01,-4.981218246937243466e-01,-5.003299806000498506e-01,1.977498559448493121e-01,-4.412875470570843950e-01,6.430297573811132317e-01,-2.267061788076605300e+00,-6.749066792587463670e-01,1.047538418897958179e+00,1.156678420827266657e-01,1.348320502448354663e+00,-1.768247513060051956e-02,-7.899104472769642449e-01,8.753609090246817770e-01,1.566278628971387255e+00,4.903052475192620774e-01,-5.618337937876544119e-01,8.932386533023255470e-01,6.164489832716365525e-01,1.870437137950650419e-01,-4.601833361859070104e-01,1.152834410746304883e+00,3.333066621129432971e-01,-1.154025575638201850e+00,-7.680057556558056442e-02,-3.421203598437301263e-01,-2.730516970875595528e-01,5.767202141269059390e-02,-1.246507550133876929e+00,-2.574886233774002497e-01,-7.894372065800920879e-01,6.414664559239433017e-02,7.006800033259286131e-01,-9.088676778753286278e-01,1.929284038577483207e+00,9.854633726974855179e-01,1.048250738541263383e+00,-1.425900109142439032e+00,3.340491693673362406e+00,1.520308675422064937e+00,1.101098574351189896e+01
5.618385849397893317e-01,6.995105629397014857e-01,-8.444807516015278015e-01,1.787795155483706822e-01,-7.520209250043362603e-01,-7.710545005268117924e-01,8.290835198669672668e-01,3.360279731646078627e-01,7.862867040917559391e-01,1.405115868417743386e+00,-1.116878232097539281e-01,-1.049815143872086409e+00,-4.256475622230325162e-01,5.701845874101925116e-01,8.444811249218141525e-01,6.556469546270022875e-01,4.108212043431479915e-02,5.224741553536378369e-01,2.418966990207577883e+00,6.488919104137625959e-01,-1.262670041611633653e+00,1.113604541083365929e+00,-3.866094755733698873e-01,5.616436001662683530e-01,-1.937277281092189551e-01,-2.830724479288128093e-01,1.415021469465694626e+00,4.502338894057412999e-03,-1.122370747649590772e+00,7.387645827531796883e-02,5.188732463830959540e-01,-7.858247762970801409e-01,5.313191590686243693e-01,6.074725922129184941e-01,1.013587047912246186e+00,1.307559004102717859e+00,2.279326509330559247e-01,-5.534177425245845328e-01,1.671326617828528427e+00,8.257786598315158821e-01,1.935125559678786189e+00,4.961624284320443334e-01,1.215689490682275942e+00,-9.025776890721320597e-03,2.616484987485241942e-01,-6.836664591437754401e-01,4.416389076684036352e-01,-1.551445047875141592e+00,7.253940375026510790e-01,1.450317615232828761e+00,2.026130033578770195e-01,-5.836269667753241075e-01,3.523007397598615364e-01,4.476771745807878733e-01,-7.445481593123133290e-01,2.087523692949692755e+00,8.690201924975743397e-01,1.323468648479679155e+00,-6.948225678327714094e-01,-1.419931874048292242e+00,1.313791241262967757e+00,5.818489559772345165e-01,3.655198030896649186e-01,6.820016065860596832e-01,-3.792129047121148844e-01,1.905856454401245459e-01,5.683427493769128702e-01,-8.606032750233236772e-01,1.392112971349976185e-03,9.552546043184625413e-01,5.552995537458311759e-01,2.746604316648421085e-01,1.747202173986127927e-01,2.221256654305513722e-01,-4.210605125539137461e-01,-9.809244244464064844e-01,-3.569898470989849582e-01,6.280685667552855789e-02,-9.198591984647488395e-01,-6.534610275769097143e-01,1.599683926009282775e+00,-8.599173047826214056e-01,2.081228430216275793e+00,2.977551071537639427e+00,1.103772589771786272e+00,1.386351060654356315e+00,6.124565109366382210e-01,-3.142609198104709400e-01,-3.499825129480334251e-04,-1.807671153090323335e-01,7.434008075381454139e-01,-2.210942989769218436e-01,1.081739658953645211e+00,-4.372934249742685409e-01,-2.958163575091654063e-01,2.875704944976911759e-01,6.943843439498451064e-02,-1.268694129962730233e-01,-1.873575450187737190e-01,1.385535456015404066e+00,-1.347822130994258127e-01,-1.120797774481312015e+00,1.757631568777371589e+00,-9.153920549889325020e-01,5.790494809726639547e-01,-7.827881269393069941e-01,1.638851541541781476e+00,3.549834806226273565e-01,1.012201161697984686e+00,-2.614760224447386872e+00,6.109284661422041962e-01,2.019447623244440937e+00,-9.629873523639695398e-02,6.279279164327088436e-01,-2.107881351090897804e-01,-1.090084044720899481e+00,9.995089427821771122e-02,1.360124890860425317e+00,1.246293390073393237e+00,7.615109735263461133e-01,7.942924676931574224e-01,8.221938006787659070e-01,8.601639891358353607e-02,-7.501654161804707233e-01,1.191502775569489136e+00,-3.081345820134039903e-01,3.488748493026292419e-01,-1.682115038082758196e-01,-2.754457486712065528e-02,-1.952603265407567845e-01,-3.313284033982584198e-01,-3.228563407763367921e-01,-5.478404230709543743e-01,7.400671169618637524e-02,3.500071668117054058e-01,-4.549035850233663081e-01,1.245890307102178740e+00,3.884280231094546232e-01,-2.547214966664631541e-01,2.104726270456712900e+00,3.022603904703516364e-01,2.517949662348496417e-02,1.724264670570886615e+00,5.899341090445734404e-01,-8.406024705517187723e-01,5.046786852843979654e-01,6.694963104868006942e-01,-3.376329473712134654e-01,-5.450948895792192550e-01,6.697084249178647530e-01,1.247878099168489907e+00,8.613408168232075668e-02,6.515693107146597329e-02,2.048813393953960449e-01,-4.570055393996086401e-01,-1.222403665114563553e+00,1.261325335990677865e-01,-5.035871077137732410e-01,-5.100358183684782221e-01,1.463559866841166734e-01,-4.700492806883609931e-01,6.410109295369711413e-01,-2.287068049135972281e+00,-7.198101835474333132e-01,1.018262894895627158e+00,1.151031705286700013e-01,-4.605591288130946315e-01,-7.232283415911870683e-02,-7.844762247662753207e-01,8.966607308473786286e-01,1.582776722229895849e+00,5.070514941915428286e-01,-5.624777718201992016e-01,9.637393344897154934e-01,5.276964537245379949e-01,1.791681949958875419e-01,-5.272594265889076759e-01,1.144097234561435306e+00,3.321881050914793354e-01,-1.168940584037360786e+00,-8.957603718032490503e-02,-3.370101598986004476e-01,-3.074012563166441669e-01,1.189544950162103182e-01,-1.218576124967725161e+00,-3.028530153812169501e-01,-7.760960818697935082e-01,1.293432370656545476e-02,7.498586542837156754e-01,-8.786909230213237887e-01,1.938493754067359243e+00,9.842791069728080711e-01,1.057301868869914507e+00,-1.433651171054349138e+00,3.361477426918014544e+00,1.543602256410639528e+00,1.109578452702944951e+01
